transaction_id,item_sku,region,transaction_date,unit_price,units_sold,card_number,cvv
11575,PROD-055,East,2023-01-01,243.87,56,7578449926466698,232
14300,PROD-047,North,2023-01-01,331.86,44,1186219437908974,575
11096,PROD-037,West,2023-01-01,167.67,18,6984752817664256,909
14993,PROD-049,West,2023-01-01,406.39,21,8788677389971876,366
14853,PROD-087,West,2023-01-01,288.56,65,3604112447755561,220
10561,PROD-081,Central,2023-01-01,108.7,39,4076458707668237,649
14594,PROD-038,South,2023-01-02,121.04,99,7020568109870079,128
13987,PROD-013,North,2023-01-02,310.78,79,3981465067566876,995
14433,PROD-091,West,2023-01-02,496.06,15,7960505748467515,194
10073,PROD-097,North,2023-01-02,147.22,3,7677568129891381,811
12252,PROD-059,North,2023-01-03,389.08,22,8527210990461885,947
13386,PROD-080,South,2023-01-03,52.97,9,2411152644451731,866
14983,PROD-022,West,2023-01-03,323.37,52,1519950358918391,974
14912,PROD-025,North,2023-01-03,260.44,1,4141600398548661,148
10448,PROD-026,Central,2023-01-04,123.39,52,3689873106193106,689
10974,PROD-055,South,2023-01-04,66.87,80,1771377452927641,542
14501,PROD-046,South,2023-01-04,201.39,84,1020250144638774,425
12183,PROD-055,South,2023-01-04,82.86,48,7775443216046701,601
14478,PROD-019,East,2023-01-04,144.6,33,3628270293135984,757
10234,PROD-087,East,2023-01-05,208.6,96,5797391983014391,389
10787,PROD-043,South,2023-01-05,465.86,14,5256756193671980,351
14848,PROD-093,South,2023-01-05,225.6,80,1125138280830997,316
10337,PROD-062,South,2023-01-05,354.12,26,1847047994426321,806
12257,PROD-041,Central,2023-01-05,415.75,63,5733183395117400,378
10039,PROD-034,West,2023-01-05,490.3,93,8117211834077152,248
10935,PROD-080,North,2023-01-06,129.03,22,1224166690585148,825
10351,PROD-026,West,2023-01-06,442.35,11,5111654772618674,279
11595,PROD-058,Central,2023-01-08,72.56,28,4430832816941977,961
14690,PROD-059,North,2023-01-09,489.38,38,5363259191314570,107
14323,PROD-086,North,2023-01-09,234.27,14,7298352841116085,922
12300,PROD-081,West,2023-01-09,428.41,96,7253685100357804,828
14976,PROD-021,Central,2023-01-10,20.03,71,4041956598716609,127
13601,PROD-032,East,2023-01-10,490.83,15,8164804731008406,120
10059,PROD-027,West,2023-01-10,70.95,84,8118419571424337,724
10748,PROD-062,North,2023-01-10,83.09,9,5395827276857792,355
12355,PROD-034,Central,2023-01-10,255.28,100,6637536752620584,762
12976,PROD-047,West,2023-01-10,120.17,84,1720063645183672,166
14012,PROD-072,East,2023-01-11,215.57,44,3574089108351209,850
13251,PROD-051,South,2023-01-11,192.39,85,1749149274553341,726
11331,PROD-057,East,2023-01-11,457.83,52,6652019641237441,667
12160,PROD-003,West,2023-01-11,82.7,25,3977192104128638,468
11398,PROD-042,North,2023-01-11,154.76,26,6416252649274308,968
12006,PROD-069,North,2023-01-11,151.68,19,3723166829679825,791
10373,PROD-084,East,2023-01-11,385.27,14,1256492759337038,372
13267,PROD-097,Central,2023-01-12,433.16,95,5916566624749894,100
11345,PROD-058,Central,2023-01-12,218.08,36,1648773701850523,601
14550,PROD-047,South,2023-01-12,161.39,81,7208130438214608,436
11724,PROD-084,East,2023-01-12,413.98,60,1189937801661748,433
10361,PROD-057,West,2023-01-12,32.37,34,4479634168415639,235
12616,PROD-024,West,2023-01-13,238.28,100,8093975472314094,395
12217,PROD-039,North,2023-01-13,464.57,63,2574019123763203,633
14706,PROD-011,Central,2023-01-13,264.05,92,4852299130240839,948
13071,PROD-095,West,2023-01-14,452.08,86,5846617723688538,498
13530,PROD-048,North,2023-01-14,349.64,9,6774898037886890,560
14854,PROD-054,East,2023-01-14,336.93,55,7306013648598829,882
11222,PROD-015,South,2023-01-14,325.54,44,3416626927412094,959
11783,PROD-004,East,2023-01-14,199.29,36,5842337073873374,380
11544,PROD-057,West,2023-01-15,97.05,32,1913962391238998,916
12742,PROD-087,West,2023-01-15,468.28,72,4291295180453514,256
14591,PROD-083,Central,2023-01-15,124.33,74,8310590188868564,958
10983,PROD-017,Central,2023-01-15,358.27,76,5689411022626462,100
13065,PROD-088,South,2023-01-15,484.02,72,3112135019814048,416
13773,PROD-077,Central,2023-01-16,182.79,98,7603410388154319,351
12514,PROD-003,South,2023-01-16,464.1,93,8164893549019918,911
10528,PROD-055,West,2023-01-16,156.02,87,3907937009697133,286
11530,PROD-059,West,2023-01-16,260.96,72,6310428021282638,163
13117,PROD-049,South,2023-01-17,296.46,72,8446737806331096,679
11172,PROD-016,Central,2023-01-17,242.14,10,4873106641544536,411
13069,PROD-021,West,2023-01-18,427.71,88,6973164066882914,664
12807,PROD-043,East,2023-01-19,280.32,76,4627013804189944,108
14986,PROD-076,Central,2023-01-19,95.58,64,7644479837886984,176
11121,PROD-090,North,2023-01-19,481.63,23,7099951974474258,731
13975,PROD-096,East,2023-01-20,224.19,41,2880525125264902,572
14670,PROD-055,West,2023-01-20,263.12,47,8728021912096336,554
10758,PROD-053,East,2023-01-20,161.8,89,1928974148649265,947
14621,PROD-033,Central,2023-01-21,469.75,40,4739102636069859,476
11150,PROD-075,North,2023-01-21,128.18,31,3670780474175969,503
10185,PROD-039,South,2023-01-21,369.68,14,1454424454867655,148
12126,PROD-031,Central,2023-01-21,147.34,24,2444277660736933,461
14741,PROD-064,Central,2023-01-21,268.17,20,8741901070256406,740
14130,PROD-079,Central,2023-01-22,275.92,65,6509580527334523,228
13990,PROD-094,West,2023-01-22,382.83,76,6871435517411747,423
10575,PROD-021,West,2023-01-22,331.69,40,4462461853863103,228
14710,PROD-035,West,2023-01-22,484.39,37,8803745215251497,781
12549,PROD-061,Central,2023-01-22,58.51,96,1919118138978099,794
12528,PROD-070,South,2023-01-22,419.74,23,2883250899284841,469
13516,PROD-057,South,2023-01-22,258.52,69,1104445783200127,570
12309,PROD-079,North,2023-01-23,141.89,55,4932712445181102,825
11163,PROD-013,West,2023-01-23,32.01,27,2938540512763193,637
11152,PROD-091,South,2023-01-23,109.94,59,1397426814235083,533
14451,PROD-062,West,2023-01-23,248.82,17,1000635493509987,231
10960,PROD-001,East,2023-01-23,354.62,24,7980754682956073,125
10029,PROD-024,Central,2023-01-24,161.45,39,6699985132410130,230
10261,PROD-005,North,2023-01-25,208.53,15,6462680730125090,562
13921,PROD-052,West,2023-01-25,76.75,46,7451512133270564,396
13711,PROD-034,Central,2023-01-26,216.69,92,7777244478896778,176
11271,PROD-058,North,2023-01-26,126.86,89,6521633414344264,643
12243,PROD-099,Central,2023-01-27,135.98,20,4707731267016872,878
10858,PROD-059,West,2023-01-27,410.59,41,7884136467096369,273
12282,PROD-080,East,2023-01-27,330.54,27,8135218767596683,540
12399,PROD-092,South,2023-01-27,92.43,39,6782487527956055,455
10408,PROD-055,North,2023-01-28,83.78,22,7708892177585845,259
13678,PROD-043,East,2023-01-28,400.48,11,2404245783388015,125
12253,PROD-054,North,2023-01-28,190.63,5,2990975619413926,691
14418,PROD-013,West,2023-01-28,359.52,66,5609421480291749,812
12317,PROD-088,South,2023-01-28,300.51,15,3655156922348908,149
12451,PROD-098,South,2023-01-28,284.65,52,4168054820162296,887
12407,PROD-082,Central,2023-01-28,242.52,83,7627544906250027,371
11284,PROD-044,West,2023-01-28,244.37,31,4326028371674748,520
14683,PROD-010,East,2023-01-29,274.24,35,2550586466841268,970
12497,PROD-027,North,2023-01-29,412.79,20,8722618234998658,864
11740,PROD-081,Central,2023-01-29,82.18,28,5073282264199021,882
12842,PROD-003,South,2023-01-29,216.87,35,5652067600400340,988
12015,PROD-022,East,2023-01-29,279.0,14,6362511927247007,624
10618,PROD-060,North,2023-01-29,467.09,65,2455723294193996,349
10159,PROD-090,North,2023-01-30,458.17,81,2621335079825550,878
10171,PROD-011,Central,2023-01-30,181.38,86,4927667372558832,237
10683,PROD-053,North,2023-01-30,145.25,56,3083071800101133,197
12644,PROD-025,East,2023-01-30,209.67,76,6845628159396649,834
10521,PROD-084,Central,2023-01-30,273.42,17,7045225179254458,704
11067,PROD-089,East,2023-01-31,459.23,76,1908607508906810,826
10892,PROD-040,Central,2023-01-31,416.49,67,3170923051693721,415
11817,PROD-011,South,2023-02-01,348.09,19,4939385806010212,762
12473,PROD-020,South,2023-02-01,331.44,21,5338056735310159,964
13745,PROD-075,South,2023-02-01,124.19,33,3409369018318472,628
11233,PROD-020,South,2023-02-02,328.28,29,7781642119425450,140
10642,PROD-030,South,2023-02-02,116.1,57,1908775530569116,825
14014,PROD-053,West,2023-02-02,147.78,56,6948438115819787,474
10988,PROD-094,Central,2023-02-02,306.29,8,5621409526369165,543
11631,PROD-077,Central,2023-02-02,86.08,92,2550022390477367,713
12880,PROD-035,East,2023-02-02,178.91,96,5755178526979516,510
11203,PROD-035,East,2023-02-02,233.2,46,6750969209099271,296
12596,PROD-054,East,2023-02-03,53.98,4,4570118472539424,326
14365,PROD-012,West,2023-02-03,35.4,84,4618500694998752,537
13758,PROD-044,North,2023-02-03,125.75,95,4964295766180570,125
12941,PROD-017,East,2023-02-03,437.98,10,4358946944010311,455
14885,PROD-068,South,2023-02-03,87.78,16,6053077959763309,924
13407,PROD-061,Central,2023-02-03,199.02,5,4055182618424222,950
13919,PROD-087,Central,2023-02-03,88.34,54,2575989211554024,648
11634,PROD-087,South,2023-02-03,343.76,73,3146638046449331,983
14523,PROD-082,East,2023-02-04,423.27,29,8254817279164705,237
11475,PROD-002,South,2023-02-04,168.68,37,1571720963736211,293
14653,PROD-053,East,2023-02-04,108.92,98,7570305049257639,442
13744,PROD-084,South,2023-02-04,436.59,28,4817201121757872,592
14069,PROD-046,North,2023-02-04,223.26,100,8632652622369295,690
13766,PROD-086,East,2023-02-05,96.58,66,5344256640704094,394
10304,PROD-023,North,2023-02-05,446.66,67,3870852653669182,403
11507,PROD-066,South,2023-02-05,224.19,21,1038626081535970,793
12031,PROD-090,Central,2023-02-05,300.74,65,6026554858572719,850
10487,PROD-073,South,2023-02-06,83.25,50,2408701684740088,635
11137,PROD-006,North,2023-02-06,184.03,2,2340286438127245,590
12187,PROD-009,West,2023-02-06,99.5,86,2970446631465867,426
10462,PROD-070,North,2023-02-06,393.76,21,1878854687728667,261
14566,PROD-039,South,2023-02-06,40.41,1,3451062311815865,120
10064,PROD-090,West,2023-02-07,115.75,11,5738799925851713,344
12381,PROD-020,East,2023-02-07,494.9,40,2849510938492344,712
14045,PROD-050,South,2023-02-07,314.56,72,4669446969195569,548
11377,PROD-007,West,2023-02-08,199.64,9,7480842318249646,231
14530,PROD-088,Central,2023-02-09,153.33,83,8872544737092367,670
13037,PROD-019,Central,2023-02-09,415.94,86,5537669569371717,681
12076,PROD-004,West,2023-02-09,216.59,29,2951342319850457,227
10702,PROD-027,North,2023-02-09,60.73,93,2853471005894455,520
12495,PROD-073,West,2023-02-09,441.09,19,1682398100206207,646
14274,PROD-058,South,2023-02-09,341.74,31,1954206892702265,734
14417,PROD-082,South,2023-02-10,130.15,93,5273393757437682,436
11588,PROD-045,East,2023-02-10,330.67,80,1745098297475680,644
10841,PROD-050,East,2023-02-10,444.51,99,5080203360889800,514
13424,PROD-080,East,2023-02-10,222.62,88,4392215541375012,151
12131,PROD-098,East,2023-02-10,20.1,80,3611039523847499,644
13043,PROD-005,East,2023-02-10,33.77,91,5414024134834300,637
11690,PROD-006,Central,2023-02-10,251.85,27,6645314750098846,357
13520,PROD-047,West,2023-02-10,222.64,58,3115465091789783,468
13500,PROD-013,East,2023-02-10,417.68,88,2712109706402808,956
13821,PROD-029,West,2023-02-10,488.23,55,4435798202023779,972
12791,PROD-073,South,2023-02-10,390.64,12,5330284469013030,172
10324,PROD-028,West,2023-02-11,28.68,40,7568278061767046,453
14545,PROD-004,North,2023-02-11,408.6,38,1610834133033863,445
11459,PROD-037,North,2023-02-11,405.81,3,8639133945763069,799
12109,PROD-050,East,2023-02-11,28.46,3,4501084762808208,850
10162,PROD-046,East,2023-02-11,467.73,60,3103466078963246,662
14007,PROD-052,East,2023-02-11,393.63,58,4323490294099756,760
13485,PROD-064,North,2023-02-12,424.81,16,3657464653882929,293
14971,PROD-041,North,2023-02-12,184.75,65,6192373221663383,704
10386,PROD-035,East,2023-02-12,274.91,46,8044155825313630,971
12867,PROD-023,Central,2023-02-12,342.97,22,1987355853547188,784
11879,PROD-072,South,2023-02-12,223.94,39,5886114718558667,461
11376,PROD-062,Central,2023-02-12,192.03,99,5827905782456946,537
12165,PROD-020,North,2023-02-12,78.42,97,6769069780108977,428
12530,PROD-092,South,2023-02-12,340.98,3,5694955115026340,156
14860,PROD-049,South,2023-02-12,249.25,8,5169108848522887,647
11095,PROD-088,West,2023-02-12,461.55,79,3109022183853638,776
11296,PROD-043,West,2023-02-13,381.46,79,3005339680358003,176
11412,PROD-000,Central,2023-02-13,240.63,48,8004597871590739,675
13723,PROD-015,North,2023-02-13,208.11,15,3565257942786632,105
11020,PROD-054,Central,2023-02-13,131.3,87,5571410256691686,825
13904,PROD-068,West,2023-02-13,124.28,41,4952765144850880,364
14265,PROD-041,West,2023-02-13,90.83,59,4344797459778492,500
12575,PROD-009,South,2023-02-13,496.41,48,1606050557722168,358
12739,PROD-017,West,2023-02-13,394.9,24,8534054283237202,439
14598,PROD-035,South,2023-02-14,203.07,35,4414856947740868,939
14945,PROD-050,North,2023-02-14,59.6,64,3616986120037820,198
10766,PROD-076,East,2023-02-15,212.28,53,2091853176320403,778
12738,PROD-033,East,2023-02-15,163.43,47,8432879829623905,169
14937,PROD-037,West,2023-02-15,115.21,47,1016273800841495,886
10240,PROD-019,West,2023-02-15,380.52,2,1293770979884174,713
13878,PROD-042,West,2023-02-15,489.0,21,6426657229110454,547
12937,PROD-041,East,2023-02-15,388.05,90,2282145791217120,296
11362,PROD-072,Central,2023-02-16,141.79,89,3026751944613873,939
11859,PROD-026,Central,2023-02-16,454.19,79,3827741335472699,207
12174,PROD-069,West,2023-02-16,116.59,87,8898209797702321,429
11602,PROD-093,North,2023-02-16,432.99,26,6548731424116195,850
13155,PROD-047,North,2023-02-16,46.52,74,3725039251582049,509
11679,PROD-037,Central,2023-02-17,65.78,25,7622587207116467,899
13283,PROD-092,East,2023-02-17,24.76,91,3245300972696096,720
11981,PROD-037,East,2023-02-17,179.43,76,6450899380355383,820
14195,PROD-014,South,2023-02-17,141.59,4,6317180037562119,498
10688,PROD-069,North,2023-02-17,267.53,69,3563626298629153,592
14334,PROD-050,North,2023-02-18,396.8,67,8063490062363436,911
12093,PROD-066,South,2023-02-18,405.2,2,7168012788439860,697
12513,PROD-064,West,2023-02-18,130.72,13,4087532344004070,189
13760,PROD-043,Central,2023-02-18,368.35,69,2919066491962039,643
11779,PROD-019,South,2023-02-19,381.0,69,1000102567665162,423
14498,PROD-085,West,2023-02-19,284.24,1,1828766721149328,890
10539,PROD-097,West,2023-02-19,315.63,85,3302479184238883,706
14088,PROD-084,East,2023-02-19,499.2,22,6139653019302452,822
13346,PROD-026,East,2023-02-20,45.22,79,3612042518670437,358
12157,PROD-006,South,2023-02-20,393.63,63,7930575415400297,141
10091,PROD-024,South,2023-02-20,184.26,48,4160101832879079,306
12003,PROD-081,East,2023-02-21,489.51,87,6305315185322952,504
13852,PROD-011,South,2023-02-21,443.2,32,3859806453078228,444
11177,PROD-033,South,2023-02-21,47.45,36,7429704356432692,727
13898,PROD-063,Central,2023-02-21,456.09,69,5342149264550395,714
13344,PROD-061,Central,2023-02-22,438.58,60,5751745852783371,681
11751,PROD-048,South,2023-02-23,161.25,22,6471076388413240,268
11609,PROD-067,South,2023-02-23,80.08,33,3377602832940542,529
10308,PROD-063,North,2023-02-24,72.64,18,4377278430254709,939
10071,PROD-064,West,2023-02-24,200.18,76,4779045215843314,385
14169,PROD-038,South,2023-02-24,318.95,89,1957373572770831,812
13865,PROD-030,East,2023-02-24,316.63,67,8868212214283309,377
13004,PROD-044,South,2023-02-24,483.71,82,4223445884376387,984
11396,PROD-005,Central,2023-02-24,431.33,36,5340444479275707,493
12679,PROD-025,East,2023-02-24,127.04,55,5414784177094235,199
13212,PROD-006,South,2023-02-24,58.72,9,2482844222006743,918
11229,PROD-052,West,2023-02-25,247.23,64,5779923819449227,883
11571,PROD-031,East,2023-02-25,486.0,33,6368986472999133,117
13988,PROD-039,West,2023-02-25,12.57,73,4263408912380357,950
11509,PROD-057,North,2023-02-25,34.49,79,1876268922104068,104
12796,PROD-099,South,2023-02-25,285.37,98,6390146342220065,644
12771,PROD-038,West,2023-02-25,498.77,7,7103385752913520,154
12854,PROD-098,North,2023-02-26,429.4,89,8192171008122708,455
14128,PROD-053,East,2023-02-26,365.17,69,8740459607358876,360
14394,PROD-081,South,2023-02-26,244.1,88,6284480250784606,259
13509,PROD-088,East,2023-02-26,13.0,71,3771085422306092,670
12752,PROD-007,Central,2023-02-26,427.22,19,1531972982686958,650
11735,PROD-081,West,2023-02-26,46.32,22,7568319889124519,225
13256,PROD-036,East,2023-02-27,293.39,35,3423486910593890,719
12145,PROD-013,South,2023-02-27,284.92,98,4640309566115753,461
11379,PROD-041,North,2023-02-28,460.83,32,6935170862521685,192
14744,PROD-008,Central,2023-02-28,383.58,25,1719967504519611,719
12072,PROD-014,South,2023-02-28,425.27,38,4184373998685975,327
11873,PROD-062,Central,2023-02-28,156.31,63,4486664565847869,359
11768,PROD-042,West,2023-02-28,39.8,78,5914781977544673,803
11224,PROD-078,North,2023-03-01,219.72,22,7487418453840098,924
12245,PROD-024,South,2023-03-01,436.01,87,8766446397506468,369
12670,PROD-002,Central,2023-03-01,64.15,36,5907141986852612,285
10459,PROD-015,East,2023-03-02,485.94,69,4933722725512933,414
14102,PROD-097,West,2023-03-02,210.99,75,7581308658595277,531
10594,PROD-081,West,2023-03-02,146.02,100,5377339171606360,686
10249,PROD-023,North,2023-03-02,10.04,65,7175732782700308,774
13059,PROD-076,South,2023-03-02,405.43,92,2485277236738137,104
10080,PROD-063,East,2023-03-02,370.18,52,6642995077316069,251
13538,PROD-068,South,2023-03-02,179.58,37,8747658436788767,689
12975,PROD-073,North,2023-03-03,296.84,58,2717973925628495,253
11344,PROD-096,Central,2023-03-03,212.24,51,5221401974890891,281
13140,PROD-002,North,2023-03-03,195.46,92,3704601314426150,249
14078,PROD-017,West,2023-03-04,234.46,46,3693007279189884,630
14389,PROD-071,North,2023-03-05,480.16,15,7915234566579041,238
13375,PROD-025,West,2023-03-05,463.46,94,6414301498926913,225
13875,PROD-078,South,2023-03-05,215.0,73,7540925396892560,566
10262,PROD-083,North,2023-03-05,279.94,26,5698874336979932,516
12291,PROD-001,South,2023-03-05,56.91,42,8040592926827497,459
12794,PROD-063,North,2023-03-06,191.36,27,4945316676507254,562
13125,PROD-020,North,2023-03-06,134.07,99,3220102300375070,893
11308,PROD-009,East,2023-03-06,252.19,29,6296396087833030,925
10090,PROD-048,Central,2023-03-06,27.99,18,6645257349934172,528
12098,PROD-040,North,2023-03-07,353.85,65,7745083713630237,740
10643,PROD-022,North,2023-03-07,191.9,69,8857561979127062,505
11924,PROD-067,South,2023-03-07,358.04,33,1525502745875576,505
14147,PROD-007,South,2023-03-07,465.51,59,8499930688706946,496
10244,PROD-091,Central,2023-03-08,469.12,43,3222306130139620,533
13856,PROD-000,East,2023-03-08,493.62,93,2498640780655834,376
12084,PROD-052,South,2023-03-09,22.54,50,5705524488082505,690
14218,PROD-059,South,2023-03-09,336.26,34,7530657260931974,291
14161,PROD-008,South,2023-03-09,240.29,87,3414336619339730,927
10286,PROD-050,South,2023-03-09,490.37,27,2182897277305142,934
12526,PROD-095,West,2023-03-09,352.79,47,8946440882055762,921
10062,PROD-029,Central,2023-03-09,450.63,7,2316063312206870,502
12477,PROD-028,Central,2023-03-10,166.77,95,8439316540417453,162
13492,PROD-091,Central,2023-03-10,446.59,33,8028253376573290,843
11651,PROD-053,North,2023-03-10,448.03,46,1237806829047430,988
13690,PROD-070,North,2023-03-10,441.92,17,8325398173549662,579
13472,PROD-031,Central,2023-03-11,356.65,56,5649331122697816,662
14124,PROD-008,South,2023-03-11,254.18,53,4042342862159993,899
11601,PROD-030,Central,2023-03-11,116.0,47,4329323434258861,377
11675,PROD-015,North,2023-03-11,425.96,67,6145770609853495,481
12632,PROD-009,West,2023-03-11,14.54,90,3366064622452634,472
13702,PROD-016,North,2023-03-11,248.06,78,4870259650744359,845
11820,PROD-032,Central,2023-03-11,382.32,76,6019911514863759,734
13497,PROD-068,South,2023-03-11,280.77,19,2563495607060414,579
11758,PROD-073,Central,2023-03-11,170.63,56,7681510661151840,564
13776,PROD-084,West,2023-03-11,97.06,74,6553490393239189,366
14537,PROD-093,Central,2023-03-12,414.33,89,1768375157647764,364
10932,PROD-038,South,2023-03-12,496.28,57,8894581540971992,171
14975,PROD-046,West,2023-03-12,370.44,68,5099393157672253,377
13302,PROD-039,West,2023-03-13,16.2,9,5814717206695922,776
11680,PROD-001,West,2023-03-13,373.0,65,4993014682746113,272
12614,PROD-019,Central,2023-03-13,254.51,49,3749065754406727,864
11848,PROD-062,Central,2023-03-13,44.16,65,2547719741833229,396
10631,PROD-023,North,2023-03-14,498.2,26,1934708578062250,101
14425,PROD-001,Central,2023-03-14,141.92,57,2332655018223860,282
12327,PROD-064,North,2023-03-14,89.64,52,2431079539661777,650
11354,PROD-021,Central,2023-03-14,361.24,95,2740327385078307,146
10881,PROD-056,South,2023-03-14,66.3,59,8372130700638181,264
12515,PROD-072,North,2023-03-14,498.33,50,6071024892312066,709
14094,PROD-036,Central,2023-03-14,94.74,26,1269165042056037,566
14406,PROD-080,East,2023-03-15,251.07,14,7798781592417158,859
13800,PROD-069,West,2023-03-15,435.65,26,6288060355107280,910
12499,PROD-054,Central,2023-03-16,364.17,73,6264762782131288,294
12454,PROD-084,East,2023-03-16,441.73,59,3326351484961996,849
10553,PROD-032,West,2023-03-16,56.71,27,6601479828504879,565
12251,PROD-073,West,2023-03-16,127.27,75,3008818939758774,727
10967,PROD-014,South,2023-03-17,39.85,84,8915823154355938,208
13159,PROD-089,Central,2023-03-17,493.56,61,6295855300543218,163
11786,PROD-057,Central,2023-03-17,266.2,49,6589037440995531,357
13064,PROD-001,West,2023-03-17,60.76,54,7755092146332434,967
12434,PROD-033,Central,2023-03-17,310.06,53,1170754215557912,171
12102,PROD-037,Central,2023-03-18,351.2,6,2732245609677617,147
14795,PROD-037,North,2023-03-18,226.15,87,6872260353815872,832
10843,PROD-004,South,2023-03-18,480.19,84,1021407569113596,632
12860,PROD-007,South,2023-03-18,323.69,51,2454614666460440,847
14707,PROD-045,East,2023-03-18,65.37,53,6148523204585460,680
10797,PROD-058,Central,2023-03-18,480.31,48,6245000877261154,533
10708,PROD-013,East,2023-03-19,98.69,77,2715679499062289,605
13609,PROD-075,East,2023-03-19,459.02,96,1967327963558832,984
13216,PROD-067,South,2023-03-19,26.61,84,8699489228622133,347
10622,PROD-098,North,2023-03-19,138.18,5,5751355751997154,542
13929,PROD-071,West,2023-03-19,346.41,15,8415316956434804,196
11593,PROD-090,South,2023-03-19,182.71,36,1344519874983965,161
14490,PROD-033,South,2023-03-20,101.05,79,3208270814968508,640
14367,PROD-074,Central,2023-03-20,429.87,20,8843457718881123,956
14087,PROD-028,Central,2023-03-20,197.38,47,5110654580738360,755
12401,PROD-087,South,2023-03-20,335.94,13,5327330292201900,885
12021,PROD-080,North,2023-03-21,30.52,68,3600524118756198,543
11006,PROD-006,West,2023-03-21,181.04,68,4895635399567872,458
14330,PROD-001,Central,2023-03-21,432.16,75,7207944331091795,836
14359,PROD-001,West,2023-03-21,93.89,72,4670913124813810,574
12981,PROD-082,Central,2023-03-21,481.79,68,7970238519820195,152
11762,PROD-083,South,2023-03-22,293.24,83,6727237114326276,594
12972,PROD-091,Central,2023-03-22,417.54,86,6405852202931379,859
11750,PROD-029,Central,2023-03-22,277.08,14,6468523608811999,965
11771,PROD-003,North,2023-03-22,100.29,80,4824167010501793,169
12123,PROD-041,East,2023-03-22,106.46,14,8259843494521379,256
10248,PROD-054,North,2023-03-23,153.42,25,3040027873933089,829
12101,PROD-037,East,2023-03-23,397.68,60,6786272810496553,266
12459,PROD-040,East,2023-03-23,376.9,54,7288663097788049,356
11513,PROD-046,Central,2023-03-23,390.92,88,4306286701963942,387
10741,PROD-061,East,2023-03-24,240.52,83,7318747102865954,529
13788,PROD-019,Central,2023-03-24,151.51,4,4554463182312927,472
14919,PROD-012,West,2023-03-24,169.73,60,4560721786068971,640
13142,PROD-098,South,2023-03-24,137.09,26,2877913613699434,403
11322,PROD-066,South,2023-03-25,131.69,29,8381285541857136,919
14600,PROD-081,West,2023-03-26,383.7,46,8939525775443219,892
13604,PROD-048,North,2023-03-26,247.98,88,7920581046472809,462
11482,PROD-032,Central,2023-03-26,365.43,43,6713783014939831,183
14040,PROD-067,East,2023-03-27,227.95,92,2606207117277402,783
14188,PROD-072,North,2023-03-27,254.16,23,7714936519179860,929
10503,PROD-076,Central,2023-03-27,469.34,69,7610141080303485,472
12389,PROD-086,West,2023-03-27,443.74,90,3468900197706622,322
11842,PROD-098,East,2023-03-27,401.49,15,8528658856297362,357
10164,PROD-053,North,2023-03-27,432.57,93,3216706936771136,561
10216,PROD-007,West,2023-03-27,12.95,10,7534453139001520,749
14176,PROD-036,East,2023-03-28,434.16,87,8280600248917538,847
14992,PROD-021,West,2023-03-28,203.6,45,2897337153636854,500
12940,PROD-069,West,2023-03-29,70.58,28,1592101240707934,682
11014,PROD-024,North,2023-03-29,467.87,56,4932060950673388,435
11746,PROD-093,North,2023-03-29,186.84,43,4814987813852266,331
13061,PROD-083,South,2023-03-29,155.54,39,1408491102715026,978
13608,PROD-019,West,2023-03-29,108.08,53,1949398865106953,187
10549,PROD-065,West,2023-03-29,230.67,7,8287334709608699,532
11780,PROD-017,Central,2023-03-29,101.36,38,7082643906085460,708
13573,PROD-035,Central,2023-03-29,243.77,97,7291869532367081,332
12511,PROD-016,Central,2023-03-29,492.51,30,2340891152625239,318
14184,PROD-063,Central,2023-03-29,400.84,22,5145948002568684,823
14093,PROD-027,South,2023-03-30,259.6,82,3614302588358714,732
11977,PROD-062,South,2023-03-30,338.97,71,2679388619373148,794
11659,PROD-086,South,2023-03-30,225.8,83,5967881819692253,685
14896,PROD-031,South,2023-03-31,71.06,85,2154890635752336,226
10089,PROD-082,Central,2023-03-31,76.21,31,2228628517148919,774
10661,PROD-027,West,2023-03-31,87.2,29,1873031830502783,920
11838,PROD-042,Central,2023-03-31,467.95,15,6191095371303026,592
13478,PROD-084,West,2023-04-01,94.49,96,3190365182023306,711
13333,PROD-009,East,2023-04-02,304.68,15,5902770797290534,441
12040,PROD-028,East,2023-04-02,435.86,55,1341567512597462,404
12476,PROD-075,Central,2023-04-02,110.69,74,7374342426326546,469
11040,PROD-053,West,2023-04-02,483.21,9,4205545808779229,372
13057,PROD-061,West,2023-04-03,344.81,99,6680148382948408,863
12950,PROD-089,Central,2023-04-03,112.23,89,3847711693589131,908
10862,PROD-083,North,2023-04-03,393.74,81,1227640041726549,298
12077,PROD-087,West,2023-04-04,415.22,83,1302913086960145,568
11973,PROD-080,Central,2023-04-04,288.77,95,4353083739753603,602
13862,PROD-032,West,2023-04-04,344.94,55,8693111934615064,793
11166,PROD-057,East,2023-04-04,281.6,63,2882785986882858,633
11930,PROD-080,West,2023-04-04,155.77,77,7585867156956626,736
10437,PROD-059,Central,2023-04-04,139.56,54,5269341227274279,543
13724,PROD-032,South,2023-04-04,413.06,6,7028590033050541,131
14560,PROD-065,West,2023-04-05,155.73,79,4112496019055866,653
12763,PROD-027,West,2023-04-05,296.26,28,6095041539581441,300
10616,PROD-030,Central,2023-04-05,265.71,29,3135647465471221,475
14746,PROD-083,West,2023-04-05,200.64,51,7631974664045342,387
13488,PROD-004,South,2023-04-05,250.13,55,6707910045333763,927
12333,PROD-023,North,2023-04-05,169.87,76,5412431127095162,281
10048,PROD-097,West,2023-04-05,353.73,22,1446343808437101,348
10003,PROD-066,North,2023-04-06,201.41,1,8469449031773922,639
14362,PROD-025,East,2023-04-07,145.48,36,3755660226742788,978
13950,PROD-021,West,2023-04-07,175.45,19,3042982632368601,662
10837,PROD-071,East,2023-04-07,267.6,76,3728065255283363,120
13168,PROD-086,South,2023-04-07,249.53,90,4180425773441098,257
13891,PROD-054,North,2023-04-08,330.4,54,6068605160924827,713
11266,PROD-081,West,2023-04-09,406.43,16,1463311793717114,808
12398,PROD-095,Central,2023-04-10,282.1,52,2624755120780638,595
13112,PROD-089,South,2023-04-10,225.8,1,5543135759278433,118
12439,PROD-048,East,2023-04-10,134.33,56,6837074889390665,862
11358,PROD-099,West,2023-04-10,34.05,32,7369934862100904,720
13070,PROD-040,West,2023-04-10,151.05,52,7491564319756740,679
10593,PROD-099,East,2023-04-11,273.06,69,6482651306337707,411
12090,PROD-070,North,2023-04-11,187.85,84,1183502187723101,111
10761,PROD-053,West,2023-04-11,118.24,64,2941265698809304,218
13721,PROD-090,North,2023-04-12,290.32,60,2591727120508114,655
10106,PROD-081,North,2023-04-12,342.7,73,2640146640692421,764
11732,PROD-090,Central,2023-04-12,346.15,25,5455065392041410,666
12586,PROD-048,Central,2023-04-12,229.11,72,7940055282910859,439
13585,PROD-089,East,2023-04-12,120.75,89,1700936294401718,466
12167,PROD-087,East,2023-04-13,235.43,88,4900873316521261,851
11254,PROD-018,South,2023-04-13,324.33,33,5753740415652139,848
11070,PROD-019,East,2023-04-14,294.56,81,7899588653228641,757
10206,PROD-021,South,2023-04-15,461.74,71,4171402767236046,152
13356,PROD-069,West,2023-04-15,176.8,25,6516903109926296,697
12618,PROD-000,Central,2023-04-15,316.22,43,8421789590186583,572
12041,PROD-031,Central,2023-04-15,29.96,95,2394894981539444,551
14343,PROD-053,South,2023-04-15,210.54,55,1584378983822103,501
10124,PROD-064,South,2023-04-17,339.22,79,3683674222184649,306
13002,PROD-026,South,2023-04-17,149.55,22,7167630479492173,858
11003,PROD-092,South,2023-04-17,83.17,28,7719798400546215,516
10950,PROD-057,North,2023-04-17,214.96,79,7546934563758651,513
12831,PROD-009,North,2023-04-17,441.84,23,3340665135190813,217
14539,PROD-065,Central,2023-04-17,355.9,76,2321844483353984,969
12325,PROD-074,East,2023-04-18,275.37,16,7851093510273875,435
14366,PROD-070,South,2023-04-18,432.08,25,6928679328661667,158
14516,PROD-033,South,2023-04-18,464.61,41,1521399589569948,192
12578,PROD-039,East,2023-04-18,213.49,48,1876615717764532,265
12959,PROD-011,West,2023-04-18,409.2,87,2393379188474585,956
10880,PROD-058,West,2023-04-19,475.1,69,7355594444858027,676
11502,PROD-025,East,2023-04-19,60.41,27,3423492820401296,651
11646,PROD-079,East,2023-04-19,332.38,80,7342116493681107,350
14285,PROD-019,East,2023-04-20,67.44,38,5203165161555086,832
11261,PROD-063,West,2023-04-20,383.25,62,4663696117023971,542
12048,PROD-031,South,2023-04-20,106.41,54,6748901799575124,319
11662,PROD-001,South,2023-04-20,414.77,35,1983777689221652,408
12892,PROD-019,West,2023-04-21,393.7,64,1695416896302232,361
14315,PROD-094,North,2023-04-21,309.51,89,4409634792820978,272
13114,PROD-036,South,2023-04-21,312.5,98,4306229437703793,956
12561,PROD-079,West,2023-04-21,210.76,10,1421068716695295,576
10733,PROD-013,Central,2023-04-21,270.56,61,4922463422897124,538
13559,PROD-086,East,2023-04-22,202.9,76,6557110815395712,436
12637,PROD-043,South,2023-04-22,137.07,39,3509110620374368,577
11643,PROD-087,East,2023-04-22,77.73,91,5774392843378055,499
14629,PROD-070,Central,2023-04-22,272.64,77,7036276477874242,567
13270,PROD-035,East,2023-04-22,434.29,9,4414092084901562,908
14582,PROD-011,East,2023-04-22,170.5,20,8058405922265719,580
10454,PROD-064,South,2023-04-23,343.21,3,3017459713542224,417
11409,PROD-081,North,2023-04-23,136.11,13,6309865365721896,884
13949,PROD-056,Central,2023-04-24,91.14,37,4111755774014277,525
14153,PROD-026,Central,2023-04-24,230.68,7,8774632934108780,945
10233,PROD-066,North,2023-04-24,105.23,71,1920049710652718,818
13137,PROD-032,West,2023-04-24,153.47,97,4770473486931874,959
12608,PROD-002,South,2023-04-24,167.59,26,1451989886507323,919
12387,PROD-053,North,2023-04-25,388.3,37,4867887152087256,493
11763,PROD-058,Central,2023-04-25,429.55,73,6425700118682001,946
14262,PROD-046,East,2023-04-25,393.32,60,4886884156190956,336
14298,PROD-007,South,2023-04-25,454.41,15,5593653014877693,666
12830,PROD-063,East,2023-04-25,311.09,92,4012333762804507,116
11874,PROD-027,East,2023-04-26,405.81,53,2598023077554064,549
11056,PROD-099,Central,2023-04-26,311.36,90,6938108330391358,282
10343,PROD-051,Central,2023-04-26,211.51,38,2349879933047219,680
10241,PROD-002,Central,2023-04-26,81.84,99,6613709920737454,379
11994,PROD-012,Central,2023-04-26,295.77,54,2431819494472651,606
14120,PROD-097,West,2023-04-27,246.17,60,3569981150141867,790
14833,PROD-073,North,2023-04-27,14.65,52,1548719174335481,404
13907,PROD-011,North,2023-04-28,134.9,85,8055452027442009,706
14752,PROD-080,South,2023-04-28,165.05,24,7548674685698174,761
14037,PROD-051,West,2023-04-29,340.06,78,8134382958334722,744
13421,PROD-078,East,2023-04-29,138.73,61,8013619110870415,377
10940,PROD-054,West,2023-04-29,483.64,91,8289823880427408,931
13449,PROD-085,South,2023-04-29,102.84,16,8148301156989241,940
14369,PROD-089,South,2023-04-30,407.88,76,5478530452341443,119
12196,PROD-018,South,2023-04-30,195.59,23,7425037332271966,992
11519,PROD-054,West,2023-04-30,355.86,31,7809466825853364,415
12507,PROD-026,South,2023-04-30,230.79,7,3222030592957055,951
13462,PROD-068,East,2023-04-30,352.7,43,4526335121013130,866
10342,PROD-019,Central,2023-04-30,122.0,17,8886009187844353,520
11784,PROD-002,East,2023-04-30,479.6,3,7569662045053461,617
14371,PROD-086,North,2023-04-30,89.82,45,8200541184242778,352
10046,PROD-086,South,2023-05-01,30.73,37,8128835668819925,699
11338,PROD-049,West,2023-05-01,213.24,42,2601319938982168,805
12357,PROD-083,North,2023-05-01,343.17,17,8935277955855365,306
13456,PROD-099,East,2023-05-01,422.79,42,6788322740057586,798
11310,PROD-029,North,2023-05-01,259.36,32,3558905665475269,572
13935,PROD-086,North,2023-05-02,172.77,54,7654213647454608,502
14419,PROD-015,North,2023-05-02,119.5,79,2860027077030447,137
11697,PROD-088,South,2023-05-02,74.18,25,3879126149536349,133
13443,PROD-047,Central,2023-05-02,450.5,98,5288185947200558,491
11176,PROD-013,South,2023-05-02,391.59,94,2453244673368041,222
13317,PROD-010,East,2023-05-03,227.49,14,1193001544394503,244
10276,PROD-046,South,2023-05-03,224.53,86,1799622004604924,989
11806,PROD-036,East,2023-05-03,409.16,3,5077053477806732,110
11465,PROD-062,North,2023-05-04,452.39,56,4257005209196680,160
10126,PROD-069,South,2023-05-04,405.91,37,1324138575768597,639
12397,PROD-048,North,2023-05-04,187.29,47,3755022284582419,354
12236,PROD-050,North,2023-05-05,314.2,99,3836112363473556,962
14892,PROD-089,North,2023-05-05,320.69,53,1106265425701851,792
14871,PROD-001,North,2023-05-05,216.84,11,3120030930221269,844
12502,PROD-014,South,2023-05-05,179.41,70,2117400539074169,490
12764,PROD-025,South,2023-05-06,490.52,25,3647564344458254,744
10277,PROD-099,Central,2023-05-06,380.76,9,3492362997056950,137
11533,PROD-052,Central,2023-05-06,38.55,73,7158472743188855,610
13007,PROD-044,North,2023-05-06,245.96,50,7580352440956789,242
12723,PROD-086,Central,2023-05-07,409.46,29,6938113745882868,997
13384,PROD-014,West,2023-05-07,160.46,82,1276304901488458,966
11501,PROD-095,Central,2023-05-07,141.3,68,5658800992721606,509
12404,PROD-035,Central,2023-05-08,384.78,100,4537757510700087,256
14122,PROD-009,West,2023-05-08,86.18,76,4447803292226128,412
13459,PROD-074,South,2023-05-08,64.13,45,5072088657343521,324
11511,PROD-076,Central,2023-05-08,230.0,1,2762674621315953,721
12432,PROD-042,West,2023-05-08,175.13,55,5591593250590252,162
13091,PROD-068,West,2023-05-09,287.06,68,2984069626019292,876
10585,PROD-073,East,2023-05-09,202.09,74,5095622526644725,376
10287,PROD-051,East,2023-05-09,395.05,39,7615249382696735,207
11923,PROD-053,North,2023-05-09,97.88,64,1555556013153237,324
12322,PROD-044,South,2023-05-10,108.22,34,6050330450853704,490
10554,PROD-039,North,2023-05-10,235.81,94,7935591879452121,453
13145,PROD-038,North,2023-05-10,165.38,15,2871122922037252,160
13839,PROD-070,South,2023-05-10,76.0,17,7071515454078266,280
13360,PROD-069,South,2023-05-11,321.47,48,1664888231236205,834
13231,PROD-046,West,2023-05-11,431.65,15,6041808462194408,208
11708,PROD-078,East,2023-05-11,393.9,90,6097471268766665,876
11267,PROD-049,East,2023-05-12,494.11,67,6416163788600728,705
12365,PROD-086,North,2023-05-12,22.1,74,6316041311942440,907
12218,PROD-067,North,2023-05-12,189.56,45,2890372129538078,395
14507,PROD-021,West,2023-05-12,340.52,100,8685497754276859,388
13656,PROD-032,Central,2023-05-13,169.44,25,5561072785692469,454
10701,PROD-034,South,2023-05-13,289.46,10,6225167061619838,910
12070,PROD-052,Central,2023-05-13,350.01,96,1699726187093268,757
14786,PROD-060,West,2023-05-13,150.54,6,5319481582794055,738
12409,PROD-059,South,2023-05-13,441.83,48,3780158767616471,400
14191,PROD-087,East,2023-05-13,425.01,33,3340629602215315,843
10590,PROD-061,East,2023-05-14,305.51,74,5770082074041875,180
11850,PROD-076,East,2023-05-14,81.99,30,1118735730775063,971
12698,PROD-091,West,2023-05-14,391.7,18,6499688872656611,233
14715,PROD-088,East,2023-05-14,467.75,58,2659593765027943,737
12276,PROD-045,West,2023-05-14,135.84,67,6836648435644913,767
11801,PROD-025,West,2023-05-14,203.0,54,8133911971782836,668
12385,PROD-000,West,2023-05-14,409.14,69,2630152144883265,670
14593,PROD-023,South,2023-05-14,435.81,45,4937885713955285,772
10070,PROD-017,South,2023-05-15,123.19,13,3030087965208519,482
14460,PROD-086,Central,2023-05-15,405.48,72,2920728319081469,124
12753,PROD-034,Central,2023-05-15,77.86,67,7285988779597944,799
14100,PROD-034,North,2023-05-15,359.88,28,8886713326849766,831
11757,PROD-082,East,2023-05-16,262.25,25,8165711930565528,435
14372,PROD-090,West,2023-05-16,183.03,87,8151639158010121,414
14907,PROD-007,North,2023-05-16,457.38,99,2877969160909194,600
11871,PROD-001,East,2023-05-17,98.51,88,3667923545575130,382
11538,PROD-082,West,2023-05-17,336.41,46,2891927316733527,604
11699,PROD-012,North,2023-05-17,396.97,64,3517300034330862,266
11863,PROD-092,West,2023-05-17,191.81,63,1259225354303547,552
12882,PROD-067,South,2023-05-17,65.01,70,3398940656180283,535
12268,PROD-026,East,2023-05-17,30.1,76,6144632921850471,815
10678,PROD-072,West,2023-05-18,172.07,51,3766560385443993,387
12891,PROD-093,Central,2023-05-18,19.68,82,1917357194262468,634
12272,PROD-002,North,2023-05-18,374.24,34,6683506347002489,946
10806,PROD-020,North,2023-05-18,211.17,7,6486829218514949,111
11972,PROD-026,West,2023-05-18,387.31,38,5267167046940240,104
13183,PROD-065,Central,2023-05-19,389.21,11,5381546969763175,641
11122,PROD-039,West,2023-05-19,235.35,82,6521864540205840,235
14754,PROD-093,South,2023-05-19,266.17,10,2613738651970130,458
13703,PROD-078,Central,2023-05-19,112.89,13,6422046052399904,240
14643,PROD-093,Central,2023-05-19,41.05,87,5062170888955499,578
10263,PROD-053,West,2023-05-19,122.31,26,1669041653781726,448
10078,PROD-026,West,2023-05-19,171.14,82,8026042923992384,596
11068,PROD-095,East,2023-05-19,253.49,23,7808516676955185,987
13374,PROD-029,East,2023-05-20,178.79,35,7780544140569811,348
13960,PROD-040,South,2023-05-20,41.93,63,2951503534370236,160
13610,PROD-045,East,2023-05-20,163.88,58,1664583709431347,845
13841,PROD-036,North,2023-05-20,276.87,1,6802788022390646,695
14886,PROD-042,North,2023-05-21,441.32,91,6364555388959033,208
11721,PROD-044,East,2023-05-21,220.57,85,4277707875146740,112
14053,PROD-052,Central,2023-05-21,70.98,98,3557743412476304,302
11416,PROD-094,Central,2023-05-21,258.48,2,6789953560790186,730
13871,PROD-086,West,2023-05-22,484.0,93,2301878565989227,815
11456,PROD-097,South,2023-05-22,334.6,15,5278753671716929,541
14700,PROD-032,Central,2023-05-22,161.22,95,6597507043984076,758
14474,PROD-089,West,2023-05-22,165.56,6,5805788486775106,659
14024,PROD-027,Central,2023-05-22,140.63,32,6080712146787028,504
12707,PROD-034,Central,2023-05-22,352.92,68,6414746207370393,361
10719,PROD-073,Central,2023-05-22,339.08,52,1757112469360851,393
11356,PROD-006,Central,2023-05-23,266.22,7,1209415256849369,172
13130,PROD-066,East,2023-05-23,34.92,71,1708593441534545,965
12894,PROD-030,North,2023-05-23,81.47,3,5033687508053613,509
14962,PROD-013,East,2023-05-23,341.31,39,2384869970419982,286
11899,PROD-056,North,2023-05-24,19.11,18,4198370391112383,451
12695,PROD-050,South,2023-05-24,428.76,60,4424821954776386,622
11709,PROD-028,West,2023-05-24,201.11,73,8377148868571991,612
11542,PROD-093,Central,2023-05-24,73.27,86,3705290762127926,629
10256,PROD-040,Central,2023-05-25,130.02,33,3194557270884888,566
10237,PROD-013,North,2023-05-25,491.93,69,2823475836561508,863
11916,PROD-068,West,2023-05-25,466.9,3,4962484310342591,986
12296,PROD-080,North,2023-05-25,360.28,99,4433748283883595,513
12534,PROD-075,North,2023-05-25,114.1,72,5627354769112736,671
13160,PROD-088,North,2023-05-25,177.99,42,6765105980206586,400
12446,PROD-015,West,2023-05-25,430.19,81,3906206528852235,353
12200,PROD-089,West,2023-05-26,467.0,69,2527929589420588,611
12683,PROD-005,Central,2023-05-26,181.73,27,1812707087210109,710
10121,PROD-012,South,2023-05-26,209.78,18,6713144459940535,372
13688,PROD-022,West,2023-05-27,251.02,26,6042451092721688,678
13743,PROD-075,East,2023-05-27,97.71,44,2372582246042933,151
10215,PROD-045,East,2023-05-27,479.34,55,8705679548536578,931
11528,PROD-076,North,2023-05-27,483.52,77,2269794204234309,597
12900,PROD-087,South,2023-05-27,30.71,11,3346886553023611,281
13098,PROD-095,West,2023-05-27,468.8,30,6979963992781308,305
14688,PROD-026,North,2023-05-28,208.97,59,2664427930317064,434
11111,PROD-017,Central,2023-05-28,373.43,53,1186910304622909,417
12923,PROD-084,North,2023-05-28,243.29,2,6597867335799297,579
13920,PROD-087,North,2023-05-29,446.35,74,5735957681358939,144
10533,PROD-039,Central,2023-05-29,160.41,91,3110510861051049,128
11214,PROD-062,Central,2023-05-29,22.43,42,3119267720812305,125
12736,PROD-060,South,2023-05-29,106.41,73,2572391322545100,637
12106,PROD-004,North,2023-05-29,431.25,57,5087339910386921,939
13477,PROD-015,East,2023-05-29,290.05,54,8493732496473001,762
11845,PROD-066,South,2023-05-29,126.1,21,6365205424601204,693
13124,PROD-037,South,2023-05-29,489.66,43,7313913820500169,814
11212,PROD-046,Central,2023-05-30,169.56,21,6019919815716172,916
14504,PROD-024,South,2023-05-30,56.55,30,3243739527938695,587
13224,PROD-058,South,2023-05-30,438.18,97,3696050479512982,390
14798,PROD-040,South,2023-05-30,68.89,98,1353000255690574,441
10574,PROD-019,North,2023-05-31,394.34,89,1724975551851972,979
13288,PROD-029,East,2023-05-31,483.83,19,2565680140369991,887
10426,PROD-096,Central,2023-06-01,138.27,84,2333605689124538,656
14368,PROD-017,South,2023-06-01,371.63,23,1720051019065771,871
11635,PROD-036,North,2023-06-01,172.12,94,1046863258506363,161
11835,PROD-010,West,2023-06-02,357.8,17,6524269063152822,534
14239,PROD-067,East,2023-06-02,402.35,65,7305273370954328,755
12472,PROD-009,West,2023-06-02,398.46,24,8488310148440536,781
13031,PROD-099,Central,2023-06-02,493.98,79,4794424365928806,662
13565,PROD-028,East,2023-06-02,162.77,73,1172630764704203,493
14624,PROD-003,Central,2023-06-02,491.87,19,5469003442326125,325
12496,PROD-065,South,2023-06-02,308.78,86,6283023851934004,219
11074,PROD-094,South,2023-06-03,206.75,20,6964093817475317,796
14289,PROD-067,West,2023-06-03,226.23,14,3927775114393252,517
10359,PROD-076,Central,2023-06-03,331.59,37,2686117463700461,982
14941,PROD-005,South,2023-06-03,177.75,56,7930078804166804,166
12414,PROD-057,East,2023-06-03,84.21,49,3401516035861228,128
11032,PROD-001,North,2023-06-03,382.81,67,2460112842118780,245
13995,PROD-021,North,2023-06-03,427.93,21,6826667920042318,340
11363,PROD-049,North,2023-06-04,88.77,35,3450524784666703,501
14301,PROD-076,East,2023-06-04,52.98,21,6181972197982329,227
11290,PROD-039,West,2023-06-04,423.34,97,1310974729824938,224
12457,PROD-057,Central,2023-06-05,238.2,31,6792979849589781,188
10663,PROD-001,Central,2023-06-05,364.87,12,4945858831771274,105
10626,PROD-007,East,2023-06-06,120.39,27,1498500670016154,216
11656,PROD-025,Central,2023-06-06,309.69,65,5219638360982847,192
11268,PROD-098,East,2023-06-06,362.43,84,4840141981278985,217
14113,PROD-055,East,2023-06-06,12.11,11,4624364482403988,170
12943,PROD-038,West,2023-06-06,61.42,11,8957750731516669,438
11165,PROD-052,South,2023-06-07,431.36,89,7222310001680379,205
14242,PROD-079,West,2023-06-07,58.17,65,1721243429349568,798
14291,PROD-060,East,2023-06-07,285.52,74,6061172560105630,812
11388,PROD-071,North,2023-06-07,407.49,40,3940321094183967,262
14338,PROD-085,South,2023-06-07,411.19,49,3914433141110834,487
14723,PROD-061,East,2023-06-07,410.37,68,2842333368387368,379
12907,PROD-010,South,2023-06-07,381.06,27,8185860040865523,250
12256,PROD-058,North,2023-06-08,346.56,63,2904554835485454,205
11788,PROD-026,West,2023-06-08,432.15,1,8835403320384964,881
14665,PROD-009,South,2023-06-09,395.57,63,7100558248843320,919
14204,PROD-034,Central,2023-06-09,357.96,100,3399998395657665,250
14877,PROD-054,North,2023-06-09,33.84,54,3262720803549800,398
11929,PROD-031,South,2023-06-09,402.32,94,8398311927963462,145
10821,PROD-048,Central,2023-06-09,291.35,49,4094099591171442,331
11665,PROD-095,South,2023-06-09,137.34,98,4414505001670318,363
10218,PROD-092,South,2023-06-09,303.77,28,1945082346840478,995
14496,PROD-012,South,2023-06-09,38.29,81,7398106894875002,722
13444,PROD-006,South,2023-06-09,90.27,75,2827082596508615,315
13540,PROD-027,South,2023-06-10,151.18,100,7581577490694022,468
14254,PROD-075,East,2023-06-10,149.55,28,5255392570972929,801
10043,PROD-052,South,2023-06-10,234.27,67,5691492097859196,869
10742,PROD-041,West,2023-06-10,70.66,64,7485937137064455,509
14847,PROD-022,North,2023-06-10,282.79,79,8222459922421133,989
10558,PROD-049,South,2023-06-10,379.8,1,3720392968350822,943
12765,PROD-049,East,2023-06-10,420.71,8,5190576645158772,924
10413,PROD-075,East,2023-06-10,116.08,75,1360255066336437,176
12301,PROD-082,West,2023-06-11,20.22,89,5936612331837827,778
12364,PROD-096,East,2023-06-11,444.18,82,4425885139674394,136
11248,PROD-016,Central,2023-06-11,355.85,54,7621806324231369,704
13513,PROD-054,North,2023-06-11,428.48,92,3421558025737602,322
11605,PROD-039,North,2023-06-11,242.74,56,1276762684177562,137
11381,PROD-080,North,2023-06-11,380.68,36,6719410573607185,556
13394,PROD-014,North,2023-06-12,197.11,45,8336958284577654,665
14790,PROD-090,Central,2023-06-12,71.38,44,6492976605572916,215
12715,PROD-074,West,2023-06-12,476.89,23,2794546021577608,411
13193,PROD-072,West,2023-06-12,101.16,21,8914613641928437,410
12721,PROD-023,Central,2023-06-13,480.0,50,6120146301426975,960
13372,PROD-095,South,2023-06-13,418.66,15,6822764337312085,526
14852,PROD-041,East,2023-06-13,423.03,16,3123431151429675,653
14337,PROD-085,East,2023-06-13,169.85,52,7364526419585364,207
11546,PROD-088,Central,2023-06-14,169.54,90,1810402426058845,899
11797,PROD-068,North,2023-06-14,435.79,17,2653662532447370,720
13591,PROD-053,South,2023-06-14,25.48,55,6700134730415362,152
14614,PROD-035,Central,2023-06-14,386.57,76,7564284322851604,860
12082,PROD-063,East,2023-06-14,216.72,18,6792931734724775,650
14592,PROD-073,South,2023-06-15,327.13,95,2811472055445559,354
14253,PROD-007,South,2023-06-15,343.39,49,2647430019939861,675
11289,PROD-078,East,2023-06-15,144.77,12,5265723988830058,679
13200,PROD-018,Central,2023-06-15,143.59,80,2629484115609726,902
14959,PROD-045,East,2023-06-15,227.07,33,1517816986548164,697
13377,PROD-048,North,2023-06-15,39.97,25,3387560193294961,904
11342,PROD-062,Central,2023-06-16,400.63,83,7897341526270697,296
11378,PROD-001,North,2023-06-16,397.15,24,5755925369713211,573
14206,PROD-029,West,2023-06-16,219.15,2,3779492080046883,323
10583,PROD-001,East,2023-06-16,392.73,65,6005851330114247,830
14386,PROD-029,East,2023-06-17,399.69,1,1255942577469362,923
10395,PROD-000,East,2023-06-17,52.57,27,6252190161740918,383
13715,PROD-091,Central,2023-06-17,84.58,44,2505617391761933,277
10360,PROD-092,South,2023-06-18,332.82,24,7486927346696201,495
13489,PROD-066,North,2023-06-18,251.13,12,8240720114000271,682
14743,PROD-016,North,2023-06-18,463.82,69,3262857727880953,467
10754,PROD-072,East,2023-06-19,103.01,25,4261585207497333,470
10847,PROD-076,South,2023-06-19,192.8,55,3494341754384670,729
11202,PROD-045,Central,2023-06-19,344.28,89,5570426882930753,118
10796,PROD-020,East,2023-06-19,343.11,99,2402110762301716,126
14470,PROD-022,West,2023-06-19,79.04,38,6302802100384747,613
14904,PROD-059,South,2023-06-20,493.28,23,1585409780823219,990
10587,PROD-002,West,2023-06-20,387.66,82,5312806736176692,544
10707,PROD-042,East,2023-06-20,194.28,57,6153344888969212,739
13480,PROD-024,East,2023-06-21,457.87,91,1955042691954576,565
14996,PROD-072,South,2023-06-21,259.95,5,8308779072671643,633
14306,PROD-059,West,2023-06-22,26.42,91,2484994052757415,206
11313,PROD-081,Central,2023-06-22,485.45,88,4643655972396763,661
11615,PROD-083,North,2023-06-22,235.54,26,2224107183395179,365
14287,PROD-026,North,2023-06-22,130.0,26,3422270499731797,556
13405,PROD-043,West,2023-06-22,310.06,4,2722815778819538,279
14640,PROD-043,East,2023-06-22,76.48,32,8252111265753507,509
14866,PROD-055,Central,2023-06-22,475.49,49,1407015139047194,581
13213,PROD-017,South,2023-06-22,29.67,67,2113568965854893,684
10942,PROD-051,Central,2023-06-23,187.91,26,7914951839767612,329
10973,PROD-059,South,2023-06-23,440.7,8,6788002264090230,694
13342,PROD-003,West,2023-06-23,394.79,52,1313774450671953,199
10442,PROD-035,East,2023-06-23,286.76,38,5540440218652070,460
14681,PROD-021,North,2023-06-23,453.75,7,1847190864377219,905
14435,PROD-004,South,2023-06-23,88.23,60,2212745635563951,830
14415,PROD-097,Central,2023-06-23,11.39,7,7568497565668442,484
10490,PROD-021,South,2023-06-24,307.17,64,5658369519174545,921
11046,PROD-038,North,2023-06-24,341.9,62,5657260641643276,802
13396,PROD-095,West,2023-06-24,497.41,51,1612574584120760,423
11841,PROD-025,West,2023-06-24,144.36,7,8675880655424466,654
14804,PROD-003,West,2023-06-24,165.66,34,5792100736639764,187
11537,PROD-025,South,2023-06-24,382.42,42,8604388830835991,334
11978,PROD-066,North,2023-06-25,390.01,40,2486809136102561,481
13177,PROD-041,East,2023-06-26,259.94,65,8445516886608280,353
10024,PROD-027,West,2023-06-26,427.3,16,2626653956861768,255
14946,PROD-076,North,2023-06-26,125.21,1,5160404010145754,437
14168,PROD-049,East,2023-06-26,385.46,77,8421529466971448,784
11804,PROD-008,West,2023-06-26,370.89,18,5218868769266635,318
10253,PROD-026,North,2023-06-26,421.62,76,7281843137892722,321
13030,PROD-080,South,2023-06-26,213.8,97,4904411912849951,767
12124,PROD-063,North,2023-06-26,124.13,31,4339837051143822,950
13793,PROD-086,North,2023-06-26,425.92,69,8362109201651899,373
10567,PROD-007,East,2023-06-27,417.09,89,5566984590533938,964
14187,PROD-040,North,2023-06-28,44.09,61,7163850210638655,400
14936,PROD-059,East,2023-06-28,304.03,99,8320139021307290,643
13653,PROD-047,West,2023-06-28,118.12,40,6290474523727842,806
13650,PROD-091,Central,2023-06-28,27.28,26,4771077407944407,441
12782,PROD-031,South,2023-06-28,71.97,52,5428958313032511,725
14573,PROD-068,Central,2023-06-28,308.29,6,3938787987713087,814
13320,PROD-068,Central,2023-06-29,329.19,57,3825188525255335,416
14252,PROD-025,South,2023-06-29,447.06,3,2856896418415870,295
11853,PROD-012,South,2023-06-29,10.64,25,6501696805961310,713
10483,PROD-000,South,2023-06-29,390.75,56,6659244060241020,236
10991,PROD-035,North,2023-06-29,420.98,9,4984850627828906,808
11366,PROD-032,East,2023-06-29,285.86,98,3546073622646133,603
14505,PROD-007,West,2023-06-30,109.77,1,2250281150687630,623
11805,PROD-085,Central,2023-06-30,115.39,31,2985280032941918,132
11589,PROD-028,North,2023-06-30,100.91,91,6503491486304325,610
11578,PROD-023,North,2023-06-30,52.96,87,3287124039081869,389
11552,PROD-091,Central,2023-06-30,435.01,34,8662573873515605,385
10219,PROD-008,Central,2023-06-30,89.9,6,8015710460097935,327
14095,PROD-008,South,2023-06-30,239.04,6,1394936276540854,186
12509,PROD-045,East,2023-06-30,474.65,42,8554025922999928,690
11837,PROD-054,West,2023-07-01,392.76,58,5807325054990633,164
11942,PROD-038,Central,2023-07-01,195.89,49,3787050477081283,969
10896,PROD-095,Central,2023-07-02,321.29,91,8309052324864424,527
10231,PROD-033,East,2023-07-02,115.86,74,8802383707101179,481
10966,PROD-053,East,2023-07-02,118.89,42,7455230072880553,829
11523,PROD-081,North,2023-07-02,333.14,59,6745727442110807,865
11058,PROD-041,South,2023-07-02,345.22,83,5872336428645750,378
11038,PROD-087,Central,2023-07-02,273.3,88,2555297449620198,347
13942,PROD-027,North,2023-07-02,203.84,43,1331339922096291,877
10063,PROD-015,Central,2023-07-03,172.38,15,4088113611613716,125
13252,PROD-045,South,2023-07-03,10.5,46,3894757507414018,787
11553,PROD-040,West,2023-07-03,154.71,54,4325482979768710,644
11892,PROD-044,West,2023-07-03,138.45,46,5020252387127564,107
14633,PROD-075,Central,2023-07-03,52.99,2,4295642510805332,678
11444,PROD-056,South,2023-07-04,18.55,63,8348555728749732,677
14816,PROD-062,South,2023-07-04,366.88,96,5714745523364830,805
11407,PROD-028,South,2023-07-04,183.16,18,1894738363115793,732
11468,PROD-094,North,2023-07-04,77.56,11,1084575936267881,848
14656,PROD-065,South,2023-07-04,325.86,85,5371524084014954,662
12988,PROD-026,South,2023-07-04,265.0,97,6468287023734110,817
14556,PROD-077,North,2023-07-05,14.15,90,8272549230740656,594
13259,PROD-066,Central,2023-07-05,297.76,33,1886937694124271,299
13553,PROD-039,West,2023-07-05,78.7,24,3014857165902777,452
10303,PROD-016,East,2023-07-05,209.31,91,8615377140752039,981
14196,PROD-097,South,2023-07-05,229.72,83,5882916817251159,973
12117,PROD-015,South,2023-07-05,481.96,67,5568930861550596,387
14145,PROD-085,South,2023-07-06,88.25,44,5999595047176491,763
11823,PROD-038,North,2023-07-06,134.42,62,5467052560550520,468
13815,PROD-071,Central,2023-07-06,377.77,5,6505392721228686,235
12799,PROD-036,West,2023-07-07,118.98,72,7738062235632665,979
12906,PROD-028,South,2023-07-07,215.94,48,7818608425434539,864
10972,PROD-027,West,2023-07-07,322.3,53,3584329790243642,821
12651,PROD-038,East,2023-07-07,42.85,65,3970486844417369,253
10129,PROD-037,North,2023-07-07,352.16,82,1612315008708186,524
14422,PROD-080,East,2023-07-08,332.09,49,7674483909683478,792
12989,PROD-052,South,2023-07-08,264.19,91,1771076919899439,498
13986,PROD-040,North,2023-07-08,437.22,26,8024139646888892,631
13417,PROD-087,Central,2023-07-08,485.45,24,4613759901689792,422
12002,PROD-032,West,2023-07-08,372.69,80,5676643672115298,286
10355,PROD-032,East,2023-07-08,235.8,92,7018226531142893,128
13287,PROD-074,East,2023-07-08,450.6,66,5211805817764436,707
11770,PROD-062,Central,2023-07-10,228.45,29,3716585411353577,891
10898,PROD-071,South,2023-07-10,104.85,68,2361322308886339,633
11059,PROD-051,North,2023-07-10,86.24,3,6467729559839407,757
12074,PROD-038,South,2023-07-10,319.76,58,6001240919582091,212
13484,PROD-085,East,2023-07-10,453.92,83,6408776570869888,776
13566,PROD-065,East,2023-07-10,344.87,17,6052422297848263,965
13128,PROD-050,Central,2023-07-11,13.55,93,1925906883493720,349
13453,PROD-012,Central,2023-07-11,433.73,62,7950207771502714,423
11201,PROD-084,North,2023-07-11,267.7,67,8770177810557212,730
13823,PROD-075,Central,2023-07-12,119.15,44,8882736931487694,135
10729,PROD-054,West,2023-07-12,204.27,40,1138982088455434,828
13699,PROD-066,Central,2023-07-12,130.74,11,8138159330338312,884
11975,PROD-030,West,2023-07-12,148.76,42,3940204396636376,197
14895,PROD-073,Central,2023-07-12,334.99,80,1597361700643454,421
11066,PROD-091,East,2023-07-12,391.54,65,7379752283846165,178
14774,PROD-091,North,2023-07-12,160.63,60,3524716471216614,183
14477,PROD-083,South,2023-07-13,382.61,43,1450265985464368,599
11102,PROD-075,North,2023-07-13,489.76,73,7781286994421799,758
13020,PROD-057,South,2023-07-13,52.42,11,4678248164208944,284
11314,PROD-016,North,2023-07-13,437.32,73,7714201499523701,815
10557,PROD-081,Central,2023-07-13,325.6,21,8386791718109888,205
12029,PROD-039,North,2023-07-13,343.28,78,2307270640510177,582
14828,PROD-068,Central,2023-07-14,188.35,100,4026577253079063,105
11389,PROD-065,West,2023-07-14,231.65,51,8933966661513277,911
14499,PROD-048,West,2023-07-15,46.01,97,4835986386281950,257
14240,PROD-074,North,2023-07-15,278.59,46,5025173474971172,646
12970,PROD-041,West,2023-07-15,421.95,50,7316847913300152,583
14271,PROD-014,West,2023-07-15,425.32,54,8395401239960603,221
12207,PROD-053,East,2023-07-15,197.89,37,3787828043424502,609
13838,PROD-066,North,2023-07-16,26.14,30,2199389354564834,256
10323,PROD-008,West,2023-07-16,211.48,17,6489185404867771,773
10727,PROD-040,East,2023-07-17,149.38,1,3759819692915717,395
14154,PROD-051,East,2023-07-17,75.73,95,6220856470726335,193
11689,PROD-006,East,2023-07-17,489.91,84,4964376212719074,135
14443,PROD-037,Central,2023-07-17,87.76,7,5962817060389759,890
10637,PROD-060,West,2023-07-17,482.01,69,7430861531265174,142
10105,PROD-058,South,2023-07-17,489.84,91,8269904152808138,611
10457,PROD-045,South,2023-07-17,20.31,92,4619633592764718,212
12815,PROD-075,South,2023-07-18,233.87,93,4159462847033569,442
12693,PROD-017,South,2023-07-18,375.33,72,6388959119415557,985
13311,PROD-059,North,2023-07-18,141.08,84,4146730726885001,753
13543,PROD-012,North,2023-07-19,329.36,59,7781608390973392,544
10911,PROD-048,North,2023-07-19,388.09,96,6683325851862723,563
10392,PROD-017,South,2023-07-19,134.22,22,6365959040461577,181
13422,PROD-002,Central,2023-07-19,127.07,51,4896228130245238,517
13282,PROD-020,Central,2023-07-20,311.82,46,7990295828172922,793
10451,PROD-045,East,2023-07-20,334.05,89,6763009710545295,148
13243,PROD-040,Central,2023-07-20,49.31,72,2919142882169352,378
13411,PROD-056,East,2023-07-20,76.36,22,6938167560926549,107
11174,PROD-055,Central,2023-07-20,208.96,74,2999109545108910,120
11723,PROD-081,East,2023-07-20,423.27,58,3599606057612154,195
13849,PROD-082,South,2023-07-21,19.4,2,5966172053809276,665
13902,PROD-083,Central,2023-07-21,428.21,8,4198130527652954,565
13185,PROD-048,South,2023-07-21,435.88,76,2702904967679283,275
14964,PROD-067,South,2023-07-21,301.9,14,4767196107695888,636
14149,PROD-066,North,2023-07-22,317.06,20,7344226060409708,493
10874,PROD-066,East,2023-07-22,68.58,65,6191088050249851,158
10910,PROD-025,South,2023-07-23,252.3,100,4447587462170279,651
10765,PROD-020,North,2023-07-23,277.26,55,1937269785652175,913
14542,PROD-015,West,2023-07-23,161.46,68,8590628302327649,276
10093,PROD-018,North,2023-07-23,134.52,51,8071451738014592,887
11810,PROD-095,South,2023-07-23,486.56,56,2778624141196279,451
11319,PROD-004,Central,2023-07-23,416.43,91,3948296996564379,791
13486,PROD-089,West,2023-07-24,342.72,3,1401637044779865,911
14719,PROD-065,Central,2023-07-24,179.9,96,7578382045177627,776
13599,PROD-037,West,2023-07-24,97.45,96,1075765620207501,530
13074,PROD-011,Central,2023-07-25,137.1,51,8236500817685473,718
10348,PROD-023,Central,2023-07-26,477.36,28,3570291139341833,278
11089,PROD-097,Central,2023-07-26,310.24,62,2750136112778453,946
13523,PROD-094,Central,2023-07-26,441.44,52,3974934604066102,713
10978,PROD-010,Central,2023-07-26,366.21,10,4761497883242648,926
10079,PROD-075,North,2023-07-26,146.45,67,8222946042182345,478
12665,PROD-057,East,2023-07-26,72.51,77,1076955086623221,828
11663,PROD-039,Central,2023-07-27,82.1,29,8768539435233687,823
10656,PROD-021,Central,2023-07-27,221.27,63,2881200347795194,472
11540,PROD-063,South,2023-07-27,29.12,73,2799198721320806,278
11943,PROD-039,North,2023-07-27,450.13,50,5694180771798741,730
12789,PROD-022,Central,2023-07-27,55.89,64,4807417339995067,763
12088,PROD-054,West,2023-07-27,347.82,19,8191944761011365,819
10289,PROD-005,West,2023-07-28,213.27,27,4822814308607467,246
12488,PROD-007,North,2023-07-28,226.81,60,5188806537273708,338
10436,PROD-066,South,2023-07-28,166.16,17,4838954393234588,667
13674,PROD-044,North,2023-07-29,228.93,79,4116594393353663,569
13545,PROD-057,Central,2023-07-29,412.72,79,3291418737641707,329
12247,PROD-099,North,2023-07-29,276.58,6,7834331098575383,997
14346,PROD-088,West,2023-07-29,315.18,55,1111939434536190,132
11658,PROD-074,Central,2023-07-29,290.22,78,6613693664567492,580
12016,PROD-095,South,2023-07-30,255.08,44,7064696741633830,780
13034,PROD-048,Central,2023-07-30,399.55,35,8470998790311074,323
14793,PROD-042,North,2023-07-30,251.18,32,1997967608633906,465
10726,PROD-003,Central,2023-07-30,289.02,40,4812574772493605,101
11078,PROD-073,Central,2023-07-30,138.64,80,2965124141117704,657
12824,PROD-065,West,2023-07-31,221.2,59,5504759349250110,381
13805,PROD-031,West,2023-07-31,422.45,84,2935319847210616,138
14207,PROD-081,South,2023-07-31,294.94,57,1773417971215573,825
14327,PROD-091,South,2023-07-31,445.6,35,1993507174994304,698
10013,PROD-067,North,2023-08-01,242.34,6,5719536345189018,287
14751,PROD-008,North,2023-08-01,136.05,19,8377201839283279,574
10576,PROD-030,North,2023-08-01,155.11,32,6038333455017207,831
10581,PROD-003,North,2023-08-01,359.33,32,5953223825194913,619
12896,PROD-069,Central,2023-08-01,128.12,93,2251303201062184,795
14729,PROD-048,South,2023-08-01,78.43,56,3748441579012356,628
10857,PROD-006,South,2023-08-01,49.28,68,4778129238762288,177
11688,PROD-045,East,2023-08-02,327.53,9,4331038633120559,891
10018,PROD-075,Central,2023-08-02,268.69,54,4914171948565643,946
14307,PROD-024,Central,2023-08-02,496.7,42,8347943463172548,575
12902,PROD-063,South,2023-08-02,432.48,58,3469655435040743,163
10144,PROD-074,West,2023-08-03,224.7,39,4958573251917921,998
13047,PROD-028,Central,2023-08-03,477.35,2,8907626444006639,519
14552,PROD-063,Central,2023-08-03,155.54,87,6076334555128267,570
13467,PROD-027,West,2023-08-03,373.84,42,5901555992473745,213
12965,PROD-029,West,2023-08-04,97.2,16,6431713980723471,534
12645,PROD-045,West,2023-08-04,141.35,47,8557886224677347,325
11240,PROD-097,South,2023-08-04,371.5,66,7135206164044990,953
12240,PROD-012,East,2023-08-04,182.3,11,2297062583210339,150
10568,PROD-091,West,2023-08-04,353.53,66,1881377585118891,570
12664,PROD-095,South,2023-08-04,348.8,89,5282870172560884,917
10784,PROD-018,South,2023-08-04,294.13,49,8736870378145788,695
12697,PROD-014,Central,2023-08-04,174.37,3,3708377094884535,852
12829,PROD-005,West,2023-08-04,149.12,26,2156603167159781,321
12691,PROD-062,West,2023-08-04,472.25,2,3277310314912051,258
12149,PROD-066,South,2023-08-04,446.38,86,4224077815206617,377
10150,PROD-039,Central,2023-08-04,112.89,92,7498925844480098,135
14935,PROD-062,East,2023-08-05,164.94,85,1245172636802991,965
11239,PROD-075,South,2023-08-05,262.3,69,2099214828521217,371
13440,PROD-008,West,2023-08-06,22.45,49,4677024027479826,841
13857,PROD-007,East,2023-08-06,456.54,53,8070474378422764,174
11825,PROD-044,South,2023-08-06,489.35,84,5976384765965619,641
13860,PROD-072,West,2023-08-06,127.01,19,8946738259092600,841
14997,PROD-076,South,2023-08-06,483.46,63,6593354009447841,483
11747,PROD-072,West,2023-08-07,129.53,24,3830720531908193,736
11889,PROD-084,West,2023-08-07,228.66,58,7241779143725223,791
14724,PROD-003,North,2023-08-07,444.97,68,5663206254204996,303
11726,PROD-003,West,2023-08-07,119.58,68,5561388197263883,120
10179,PROD-024,West,2023-08-08,70.54,5,5961448514938179,586
14101,PROD-010,South,2023-08-08,432.41,72,7692993100260402,469
12700,PROD-033,North,2023-08-09,382.34,37,8740182632429734,601
12377,PROD-089,South,2023-08-09,42.61,82,3412405865648333,978
13182,PROD-086,West,2023-08-09,465.69,45,7605011696685836,429
14982,PROD-083,Central,2023-08-09,89.28,96,8130865531013007,687
14399,PROD-033,East,2023-08-09,71.86,9,5555586732876973,882
13208,PROD-057,Central,2023-08-09,200.97,37,7020213202241465,138
12630,PROD-075,West,2023-08-10,348.5,94,3755541030511826,745
14846,PROD-022,West,2023-08-10,375.76,91,6495784039716768,493
14083,PROD-088,West,2023-08-10,223.18,78,6308951627988695,925
13134,PROD-017,West,2023-08-10,107.65,97,5559687382301695,764
14071,PROD-005,East,2023-08-10,377.52,96,5982184273843393,476
10667,PROD-084,Central,2023-08-11,327.42,59,3296983502549008,665
10102,PROD-066,East,2023-08-11,334.11,17,7840326303802704,304
11280,PROD-097,South,2023-08-11,37.57,68,2468114878091373,913
10122,PROD-041,Central,2023-08-11,300.51,34,8131364741797258,574
14647,PROD-002,East,2023-08-11,475.0,98,7832238844143825,465
13171,PROD-013,East,2023-08-12,224.95,41,1005770929411025,556
13700,PROD-042,North,2023-08-12,69.07,47,4865513461067554,195
14280,PROD-076,Central,2023-08-12,209.17,3,6585357723801639,455
14536,PROD-069,North,2023-08-12,22.32,88,1165714552277234,806
11870,PROD-004,East,2023-08-12,453.71,84,3215838877931123,426
12408,PROD-076,North,2023-08-12,42.13,85,1326468537032040,319
13582,PROD-035,East,2023-08-12,331.06,14,2874934665252036,166
14183,PROD-024,North,2023-08-12,433.85,50,1053626438444279,796
14651,PROD-099,South,2023-08-13,355.11,44,2392519777646442,226
12094,PROD-099,East,2023-08-13,129.28,46,8077225412647781,756
14410,PROD-032,Central,2023-08-14,238.94,24,5934170118161943,405
12913,PROD-042,Central,2023-08-14,387.72,84,7916934544790887,161
13175,PROD-035,Central,2023-08-16,62.19,24,2477020500792309,471
10706,PROD-048,Central,2023-08-16,40.42,86,3909851966811443,649
10160,PROD-093,East,2023-08-16,49.64,69,4308329536824620,768
13463,PROD-040,West,2023-08-16,208.32,6,3009790258286828,143
12876,PROD-053,North,2023-08-16,83.92,52,7671710791479008,696
11672,PROD-028,East,2023-08-16,303.94,54,4985814589510492,768
12641,PROD-039,West,2023-08-16,181.62,5,6325040262687174,420
12684,PROD-087,North,2023-08-16,389.62,4,2298532252944817,261
14133,PROD-014,Central,2023-08-16,168.36,69,7116785891577274,671
12417,PROD-096,North,2023-08-16,128.18,60,7716977360991009,119
11385,PROD-058,East,2023-08-17,446.5,55,7826119106989965,898
11577,PROD-023,East,2023-08-17,454.54,3,5154751203559294,416
12550,PROD-075,South,2023-08-17,188.61,40,4177374121266850,320
13299,PROD-003,Central,2023-08-17,37.45,35,6173829656957824,814
12134,PROD-091,Central,2023-08-17,289.68,32,2112377312473273,847
10845,PROD-058,West,2023-08-17,249.75,55,3163015531397366,783
10049,PROD-070,West,2023-08-17,115.03,24,3769195740986913,696
14035,PROD-037,East,2023-08-18,213.85,86,1998519617519217,522
10140,PROD-002,Central,2023-08-18,110.09,56,8869524754425409,650
14258,PROD-096,North,2023-08-18,416.88,19,1527565320110091,398
10635,PROD-018,Central,2023-08-18,402.53,22,4191086245005511,589
10540,PROD-056,East,2023-08-19,262.75,87,1699630139649833,564
12918,PROD-088,South,2023-08-19,16.62,77,7529191051449787,505
14375,PROD-091,Central,2023-08-19,464.83,60,5038610370157453,355
11325,PROD-014,North,2023-08-19,36.15,93,7751734963489023,423
12258,PROD-050,South,2023-08-19,417.78,98,8563407755107435,519
11483,PROD-080,North,2023-08-20,336.7,82,3689823306047041,138
10849,PROD-010,East,2023-08-20,106.06,12,1572708361018424,776
12413,PROD-040,North,2023-08-20,255.44,85,2087142134261119,730
13469,PROD-070,North,2023-08-20,427.85,72,3878893022759067,275
11027,PROD-027,East,2023-08-20,300.53,29,5329046024716664,822
13277,PROD-011,East,2023-08-21,43.25,56,3113670981539283,660
14016,PROD-082,Central,2023-08-21,138.09,23,2019346674133397,153
14318,PROD-093,West,2023-08-21,306.36,67,8305626945681184,893
12191,PROD-029,West,2023-08-21,12.36,43,5415084661189516,465
14193,PROD-030,Central,2023-08-22,363.2,24,7952826382925794,729
11380,PROD-030,North,2023-08-22,162.35,2,1836076923957338,209
12013,PROD-094,East,2023-08-22,322.8,9,8183288825605697,662
10271,PROD-009,South,2023-08-22,427.85,52,8753978023774047,641
11190,PROD-070,North,2023-08-22,276.06,87,2856390281524590,700
12161,PROD-024,South,2023-08-23,490.94,19,7514179578060101,808
11287,PROD-061,East,2023-08-23,412.38,37,2244405339767918,716
14543,PROD-030,East,2023-08-23,320.6,12,5340714346129231,651
10919,PROD-035,North,2023-08-23,196.76,59,3967471242707884,788
14056,PROD-066,East,2023-08-24,341.06,13,3666101576456559,215
13382,PROD-066,North,2023-08-24,173.62,10,1764918198885176,366
10648,PROD-066,South,2023-08-24,198.44,96,5382958281247476,716
14028,PROD-097,North,2023-08-25,445.65,19,3126779275555710,580
12305,PROD-045,West,2023-08-26,143.84,83,7114366120854370,541
11473,PROD-031,South,2023-08-26,179.86,40,8599986648053113,122
11811,PROD-076,West,2023-08-26,345.55,23,8585101597337025,568
12634,PROD-066,West,2023-08-26,491.24,57,1064032568826708,693
12139,PROD-002,West,2023-08-26,455.77,67,8121487226372253,160
11346,PROD-085,South,2023-08-26,430.26,85,2139819498198697,167
14584,PROD-040,East,2023-08-27,351.16,54,7364605834123115,268
12573,PROD-062,West,2023-08-28,96.55,59,6290252774679801,771
11264,PROD-067,North,2023-08-28,159.17,82,7051145918252713,378
14263,PROD-093,West,2023-08-28,485.85,67,1885720047777640,213
10630,PROD-057,West,2023-08-28,211.01,30,4985324830614488,121
12682,PROD-012,South,2023-08-29,369.85,24,3331488043192494,997
11618,PROD-095,East,2023-08-29,116.58,84,5974530397631362,528
11281,PROD-001,South,2023-08-29,56.54,20,7168941398589263,570
14837,PROD-006,North,2023-08-29,193.64,56,5552430099642741,396
14023,PROD-033,South,2023-08-29,485.69,10,3443657463774683,580
10060,PROD-093,East,2023-08-29,333.07,51,8747574931319487,272
10731,PROD-031,West,2023-08-30,80.28,13,2874211377128781,480
12464,PROD-081,South,2023-08-30,91.45,75,6609226081617936,175
13829,PROD-062,East,2023-08-30,372.33,96,3662399785154617,747
14984,PROD-082,East,2023-08-30,95.2,25,3916811644156064,666
11982,PROD-059,East,2023-08-31,111.43,89,2417667016663227,498
11778,PROD-014,West,2023-08-31,17.77,37,4002649084032101,253
14736,PROD-065,West,2023-08-31,483.35,40,8707372229459705,712
13558,PROD-037,West,2023-08-31,90.38,54,5144467976455802,441
13927,PROD-006,West,2023-08-31,413.67,41,6814359474760427,153
11404,PROD-075,South,2023-08-31,209.52,93,1005214221247402,245
11292,PROD-062,South,2023-09-01,158.71,98,8512339257223016,601
13706,PROD-029,East,2023-09-01,418.26,57,4429921146923558,866
10117,PROD-088,South,2023-09-01,62.73,9,5952396144430425,869
12004,PROD-015,Central,2023-09-01,418.55,83,1043223033299735,238
14714,PROD-061,West,2023-09-01,298.15,20,5460886146376819,485
12656,PROD-058,West,2023-09-02,140.56,86,8011376454447030,719
12287,PROD-056,Central,2023-09-02,451.85,43,7962134418752681,474
14464,PROD-086,West,2023-09-02,352.05,62,7332128704112094,686
10893,PROD-082,West,2023-09-02,283.14,6,5432730231003737,148
14503,PROD-030,Central,2023-09-02,130.05,32,8176743569647635,819
12589,PROD-083,East,2023-09-02,286.01,95,7134644757062050,321
12392,PROD-086,Central,2023-09-02,126.12,51,5239372014513117,653
11809,PROD-008,West,2023-09-02,134.9,62,2551782143039210,597
14358,PROD-040,South,2023-09-03,157.9,48,1552193525911853,944
11895,PROD-071,West,2023-09-03,159.71,97,2839311702483747,736
13843,PROD-076,South,2023-09-03,220.49,91,7054843397907978,703
11769,PROD-055,North,2023-09-03,12.47,33,1241955957319624,144
14151,PROD-074,North,2023-09-04,322.49,82,5464703677053687,110
14601,PROD-035,East,2023-09-04,167.42,26,2160890007704063,985
14511,PROD-094,North,2023-09-05,390.14,97,7225835576174197,629
10660,PROD-027,Central,2023-09-05,182.02,16,5012005248756859,562
11561,PROD-080,Central,2023-09-05,81.48,49,2625464313406196,760
12054,PROD-042,Central,2023-09-05,45.6,97,4586224436953159,725
10633,PROD-096,Central,2023-09-05,195.74,66,3269771133392812,658
14299,PROD-058,West,2023-09-05,66.48,55,3268979084502171,384
11987,PROD-020,North,2023-09-05,127.36,98,2834555869850371,102
11767,PROD-004,East,2023-09-05,75.71,53,5265804216767008,441
10777,PROD-027,South,2023-09-06,376.24,56,1789051480045915,900
13670,PROD-019,East,2023-09-06,70.58,67,5354522014271165,685
12996,PROD-027,West,2023-09-06,105.03,75,5552684058279407,718
10315,PROD-072,West,2023-09-06,291.05,13,6477623800769740,100
14025,PROD-026,North,2023-09-06,107.47,53,3381435096862102,730
14336,PROD-056,Central,2023-09-06,78.48,13,5565213713873557,795
10903,PROD-002,West,2023-09-06,268.83,66,1473138529711736,930
13450,PROD-052,West,2023-09-06,472.38,80,8042815974611919,442
11927,PROD-006,East,2023-09-06,246.48,97,1717119459010472,389
10573,PROD-092,West,2023-09-06,174.21,86,2425636378887075,406
13353,PROD-066,East,2023-09-07,464.92,12,6585989256364688,478
11417,PROD-040,West,2023-09-07,335.16,32,5645806424656567,785
10918,PROD-007,North,2023-09-07,205.14,1,5191032673196148,199
12818,PROD-060,Central,2023-09-08,415.94,22,8923687175415965,253
11730,PROD-037,East,2023-09-08,85.33,71,6085027470747754,653
14125,PROD-034,West,2023-09-08,297.1,95,4489759630135140,424
12788,PROD-098,Central,2023-09-09,484.46,20,3652416458169043,874
13576,PROD-000,South,2023-09-09,412.96,34,3847814350991686,796
11145,PROD-048,Central,2023-09-09,379.08,90,4557188668232259,855
14668,PROD-017,West,2023-09-09,150.55,19,2427933060688647,189
10798,PROD-093,East,2023-09-10,62.06,19,1249092056665043,858
12017,PROD-019,West,2023-09-10,435.58,80,8641410545027351,443
14957,PROD-017,West,2023-09-10,279.74,2,6450105913156421,557
14881,PROD-044,Central,2023-09-10,168.96,12,5100183895681446,806
12980,PROD-075,East,2023-09-10,412.78,66,4572527117124582,649
11756,PROD-005,South,2023-09-10,488.66,27,1610721123859000,388
11855,PROD-030,North,2023-09-11,399.11,88,1908412206163263,945
14732,PROD-079,North,2023-09-11,181.4,26,2191277346170788,611
14814,PROD-009,East,2023-09-11,106.01,5,2025684512253103,861
11854,PROD-077,North,2023-09-11,360.42,37,2062240827883060,747
10670,PROD-080,South,2023-09-11,62.04,73,6135557740962274,726
10672,PROD-001,North,2023-09-11,450.87,59,7613418823648645,735
14198,PROD-080,Central,2023-09-11,395.85,17,5573120104818859,978
13686,PROD-055,North,2023-09-11,16.77,25,2793014057477580,947
14529,PROD-021,West,2023-09-11,173.06,74,7296859170707903,174
14947,PROD-099,South,2023-09-11,314.79,94,4535504841642558,388
12889,PROD-068,East,2023-09-11,160.91,38,1987515690193903,169
10167,PROD-023,Central,2023-09-11,483.78,75,7590201652365786,944
13246,PROD-022,East,2023-09-12,371.44,5,8939281759069039,296
14540,PROD-016,South,2023-09-12,392.25,57,8650600769004244,523
11584,PROD-082,South,2023-09-12,259.35,32,1396560429169730,940
11919,PROD-094,North,2023-09-12,204.46,80,5035968855943255,997
14212,PROD-025,East,2023-09-12,38.27,81,4139302236312867,958
13685,PROD-049,East,2023-09-13,213.26,28,6898200270317067,391
11563,PROD-033,North,2023-09-13,381.35,82,3723041625609080,560
10486,PROD-077,South,2023-09-13,362.42,98,7093175717074020,468
11897,PROD-072,North,2023-09-13,159.07,59,2335397722542683,928
13192,PROD-018,West,2023-09-14,219.25,99,1066390977663215,557
14967,PROD-035,North,2023-09-14,328.89,16,5941239267162766,246
14673,PROD-019,South,2023-09-14,157.94,99,2651987104353114,754
12819,PROD-051,West,2023-09-14,343.27,42,1472853731528973,236
10829,PROD-077,North,2023-09-14,142.77,15,5845914694573349,164
13003,PROD-000,South,2023-09-14,100.79,88,4437715539693193,941
10433,PROD-049,East,2023-09-14,466.18,61,5849595365950341,105
12081,PROD-061,West,2023-09-14,76.73,18,7216191516318205,472
14898,PROD-037,South,2023-09-15,335.56,2,3833775874741772,480
13409,PROD-021,North,2023-09-15,107.27,23,8565246876323155,966
10252,PROD-076,North,2023-09-16,412.45,73,3482274632043528,708
12222,PROD-005,West,2023-09-16,16.3,99,5578354599112070,682
10751,PROD-007,South,2023-09-17,272.96,16,3457768885839666,346
10833,PROD-080,West,2023-09-17,179.33,44,1984094765991682,369
12112,PROD-068,Central,2023-09-17,485.31,75,5742085548798785,652
10445,PROD-063,East,2023-09-17,414.14,71,5685180661660805,280
11423,PROD-074,South,2023-09-17,271.36,94,2655155543357179,245
12308,PROD-022,East,2023-09-18,353.99,78,8647667088932154,190
13822,PROD-034,North,2023-09-18,90.2,78,5652243237033236,644
14822,PROD-053,East,2023-09-18,169.62,72,1642652906028968,314
14105,PROD-083,East,2023-09-18,417.89,46,7059508762594294,407
13774,PROD-037,South,2023-09-18,288.77,42,1220445180289171,151
14414,PROD-068,East,2023-09-18,87.87,32,4557665003714177,995
12456,PROD-026,South,2023-09-19,48.68,57,2504840855585246,806
13709,PROD-069,North,2023-09-19,217.1,28,8986150467785739,646
14699,PROD-046,North,2023-09-19,259.73,52,8070710802650041,297
12935,PROD-007,Central,2023-09-19,64.73,17,5845707837559435,366
13866,PROD-059,North,2023-09-20,220.55,50,8518053868954196,564
11996,PROD-012,Central,2023-09-20,369.59,38,3095538069220587,645
13775,PROD-024,North,2023-09-20,194.21,11,1971113102094006,128
13792,PROD-011,South,2023-09-20,262.74,65,1284994642608245,245
12208,PROD-004,South,2023-09-20,321.54,44,8438351458710942,306
10647,PROD-007,South,2023-09-20,421.46,40,7340231247256581,970
14111,PROD-044,South,2023-09-20,354.81,51,5626067020096256,129
10465,PROD-048,South,2023-09-21,482.75,1,5214172254035697,297
12242,PROD-051,South,2023-09-21,17.89,26,2260088927282545,934
13150,PROD-072,North,2023-09-21,464.69,98,8036116448325375,812
11887,PROD-073,West,2023-09-21,172.78,64,1092398081202457,791
11969,PROD-068,West,2023-09-21,167.81,33,3670184977507152,928
11980,PROD-061,East,2023-09-21,486.74,91,6783474099784262,464
13913,PROD-054,Central,2023-09-21,493.61,55,7917818814272962,998
11727,PROD-003,Central,2023-09-22,268.71,9,5506390270886001,602
14711,PROD-059,South,2023-09-22,413.45,69,7789624001719946,257
12910,PROD-096,North,2023-09-22,243.15,63,1837688209751428,449
13662,PROD-094,Central,2023-09-23,201.65,54,3649164871100658,332
14689,PROD-001,South,2023-09-23,143.31,85,8796553447944166,892
10550,PROD-082,West,2023-09-24,100.33,91,5306471489308189,922
14408,PROD-062,East,2023-09-24,76.57,46,1032741285002389,763
12914,PROD-075,West,2023-09-24,449.92,100,4414855067577285,438
10682,PROD-087,West,2023-09-24,358.32,99,6580797784948436,908
10032,PROD-072,East,2023-09-25,420.42,100,3898121158043798,116
14548,PROD-003,Central,2023-09-25,387.01,26,4631488376473555,833
12241,PROD-050,East,2023-09-25,365.45,88,4893321565304889,454
13247,PROD-066,North,2023-09-25,431.14,99,8524360911890323,815
12246,PROD-077,South,2023-09-26,62.65,68,8365564547863784,446
12954,PROD-061,West,2023-09-26,33.59,90,7888243464292974,700
13292,PROD-036,South,2023-09-26,432.93,40,4881940728163699,163
13880,PROD-086,East,2023-09-26,61.88,29,7109468389652942,115
11251,PROD-057,South,2023-09-26,362.77,8,5630737918824844,717
10995,PROD-073,South,2023-09-26,377.87,13,5312245590728141,347
11918,PROD-021,East,2023-09-26,487.02,93,5285422857605958,918
14969,PROD-047,North,2023-09-27,210.51,48,8831375937960110,680
10715,PROD-038,West,2023-09-27,437.43,8,6240323671716189,955
13392,PROD-022,West,2023-09-27,266.92,67,3808373072300808,698
14988,PROD-055,North,2023-09-27,282.5,82,5040050689918350,621
11967,PROD-084,Central,2023-09-27,232.6,35,5625702024301519,245
13111,PROD-030,West,2023-09-27,238.5,2,7515924729158767,833
14701,PROD-024,South,2023-09-27,91.61,47,4031924391957065,125
14663,PROD-039,Central,2023-09-27,169.86,2,7997704826140001,141
11461,PROD-054,East,2023-09-28,400.79,43,2383443739812116,442
14142,PROD-005,East,2023-09-28,471.37,13,5662105164626961,152
11857,PROD-073,North,2023-09-28,411.75,83,6507096319419107,446
13689,PROD-018,South,2023-09-28,272.13,20,2174109800468611,616
12961,PROD-080,North,2023-09-28,366.31,84,1779854185997973,807
10112,PROD-056,East,2023-09-28,316.5,15,4535759647474078,615
11462,PROD-068,Central,2023-09-28,428.13,50,2268153795157439,645
13350,PROD-033,North,2023-09-29,439.13,27,4972920724458877,643
13314,PROD-061,West,2023-09-29,209.49,22,4274085662595939,350
12032,PROD-092,Central,2023-09-29,419.16,20,4818964713779290,423
10320,PROD-014,South,2023-09-30,19.73,97,3511838057194376,451
11242,PROD-021,Central,2023-09-30,466.75,66,2542206315755959,124
12768,PROD-082,North,2023-09-30,247.85,8,8980068692338817,596
11959,PROD-051,Central,2023-09-30,130.2,19,7338325419961301,299
13614,PROD-099,East,2023-09-30,426.92,31,6014600513255284,491
13257,PROD-012,Central,2023-09-30,307.68,39,2104534722560385,113
10272,PROD-005,North,2023-09-30,20.03,20,7622651320060636,594
10759,PROD-056,West,2023-09-30,106.91,51,2997562481193778,326
13498,PROD-019,West,2023-10-01,187.31,67,4688603590187155,801
10204,PROD-069,West,2023-10-01,206.4,39,7538448743875595,851
12335,PROD-035,North,2023-10-02,190.02,78,7458154529027642,970
10720,PROD-028,East,2023-10-02,324.07,64,5185073125676207,819
12326,PROD-079,North,2023-10-03,125.28,29,5278149691884501,996
14356,PROD-063,East,2023-10-03,10.08,19,8706072765978398,731
10580,PROD-010,East,2023-10-04,246.13,33,1778324929185466,543
10365,PROD-000,West,2023-10-04,270.48,56,4501089011937605,263
13542,PROD-042,Central,2023-10-04,481.97,46,8390938918209086,121
13451,PROD-083,North,2023-10-05,300.42,84,1218095497784983,491
12577,PROD-099,North,2023-10-05,473.66,32,2862947151449196,817
12482,PROD-002,Central,2023-10-05,424.47,84,2197322033486379,538
11504,PROD-067,East,2023-10-05,431.59,19,5433775832242111,295
11807,PROD-022,North,2023-10-05,166.15,76,7336435920846415,855
11463,PROD-064,South,2023-10-05,486.2,90,8092472037482688,371
11428,PROD-044,North,2023-10-05,62.62,35,5568370326528679,665
12424,PROD-072,East,2023-10-05,202.49,77,1392060368107101,115
12260,PROD-012,South,2023-10-05,298.32,14,4820806294933411,578
11036,PROD-088,South,2023-10-06,353.95,91,3391284020312512,197
11621,PROD-052,West,2023-10-06,10.65,2,4000427815930953,320
10941,PROD-012,South,2023-10-06,275.68,80,7964585567883179,894
14361,PROD-033,South,2023-10-06,487.21,37,4730143878622199,168
14351,PROD-037,North,2023-10-06,460.75,2,1279184069579806,965
14335,PROD-074,East,2023-10-07,291.81,100,2379589720145005,778
12903,PROD-081,West,2023-10-07,120.22,55,2956521091414489,155
13569,PROD-004,Central,2023-10-07,115.23,30,8807070233775317,940
14383,PROD-097,West,2023-10-08,358.22,14,8948667870719671,904
13885,PROD-042,South,2023-10-08,160.72,69,4099408462274942,702
10771,PROD-043,West,2023-10-08,374.91,35,4107029077287252,582
10309,PROD-022,East,2023-10-08,400.65,2,1211585897221831,278
10586,PROD-036,South,2023-10-09,111.69,67,4607095780214074,147
11392,PROD-064,Central,2023-10-09,294.48,88,3698307423694213,511
10009,PROD-065,Central,2023-10-09,406.81,67,5636731288148870,817
14390,PROD-004,East,2023-10-10,226.6,57,7696773214806712,382
12422,PROD-087,Central,2023-10-10,146.38,78,2526937945870269,228
10611,PROD-064,North,2023-10-10,352.3,21,1547829422221081,810
10325,PROD-022,East,2023-10-10,73.99,26,6808953887141990,885
11884,PROD-061,South,2023-10-10,479.52,47,5877193435301872,374
13563,PROD-058,East,2023-10-10,160.04,27,1917862299301699,539
14620,PROD-079,East,2023-10-10,263.93,4,1493416281358425,305
14696,PROD-033,West,2023-10-10,145.83,25,5520393628356964,114
10057,PROD-097,East,2023-10-11,127.34,58,3429865660277045,569
13593,PROD-006,North,2023-10-11,168.25,24,7949498433779263,463
10412,PROD-010,West,2023-10-11,254.46,10,6435098544160661,669
10432,PROD-059,North,2023-10-12,15.84,87,1299029111750609,268
11692,PROD-052,West,2023-10-12,421.01,78,6051176508690982,661
14861,PROD-043,Central,2023-10-12,375.74,4,6342188657016772,751
13851,PROD-094,North,2023-10-12,90.88,11,4647909874215459,489
11570,PROD-057,South,2023-10-12,497.18,6,5709669522751536,869
13113,PROD-042,East,2023-10-12,64.46,20,8551766343591926,330
12703,PROD-030,East,2023-10-12,439.45,46,8851504641572895,139
12852,PROD-033,Central,2023-10-12,460.32,19,8558449498885273,487
10665,PROD-048,Central,2023-10-13,335.71,62,8737826566119275,202
11247,PROD-009,West,2023-10-13,79.57,75,1018476330882128,239
10406,PROD-051,East,2023-10-14,104.27,43,7613092568595194,471
12585,PROD-087,South,2023-10-14,104.79,68,3434125760334337,996
14978,PROD-057,Central,2023-10-14,451.21,44,5800355569161614,794
14305,PROD-010,Central,2023-10-14,370.07,13,8321471379480534,274
11934,PROD-094,West,2023-10-15,188.2,27,7795104461278215,248
12238,PROD-041,North,2023-10-15,103.16,86,5921064779493963,897
12716,PROD-063,South,2023-10-15,79.35,13,4352770057021231,248
14166,PROD-049,Central,2023-10-15,302.74,6,6086679286658419,823
13764,PROD-090,North,2023-10-15,394.43,65,3359379877139268,433
13116,PROD-095,South,2023-10-16,213.46,96,3697788319323963,740
14092,PROD-031,Central,2023-10-16,23.53,15,2815838049649196,890
12671,PROD-039,Central,2023-10-16,478.95,51,8730103109249741,977
13596,PROD-057,South,2023-10-16,26.36,23,7050768352436221,400
10283,PROD-032,North,2023-10-16,93.79,3,2791569698979196,641
11497,PROD-058,East,2023-10-16,175.44,23,8929087793520986,697
13056,PROD-091,East,2023-10-17,151.67,1,6318177666469831,291
13505,PROD-027,South,2023-10-17,211.89,77,7919823054424831,624
14216,PROD-053,North,2023-10-17,329.63,32,1305402494652220,107
12643,PROD-087,Central,2023-10-18,107.01,21,4291277379371135,749
14261,PROD-045,West,2023-10-18,478.07,26,4189529421976148,347
12406,PROD-065,East,2023-10-18,414.06,66,6110752812964782,131
11920,PROD-093,East,2023-10-18,332.11,42,5759832760930674,512
10615,PROD-051,North,2023-10-19,425.53,9,1464034171449175,370
13446,PROD-007,North,2023-10-19,323.02,6,7588657605437061,825
11213,PROD-029,North,2023-10-19,150.11,72,5093813886341520,173
11384,PROD-083,West,2023-10-19,221.84,22,8442922117891850,346
14214,PROD-065,East,2023-10-19,70.36,28,6920175718560387,904
13315,PROD-065,South,2023-10-20,200.92,88,8832224473667868,821
13536,PROD-021,South,2023-10-20,298.99,32,8347819922089125,447
12542,PROD-093,East,2023-10-20,491.12,81,3840855272780938,666
12920,PROD-031,North,2023-10-20,167.26,17,1234663699166973,731
11744,PROD-056,West,2023-10-20,61.98,72,4809859478068528,878
13914,PROD-026,West,2023-10-21,456.25,8,6399786152634527,492
12657,PROD-040,West,2023-10-21,265.13,46,1292071033963877,866
10818,PROD-048,North,2023-10-21,140.16,64,4066249621943674,883
10834,PROD-075,East,2023-10-21,55.98,53,1001883195399159,816
13325,PROD-045,North,2023-10-21,231.31,5,7535191914544157,941
10502,PROD-091,Central,2023-10-21,67.65,43,6028806809406032,623
13053,PROD-021,West,2023-10-21,281.01,77,6585075320170669,924
13033,PROD-084,Central,2023-10-21,92.28,2,1143401492685950,664
12505,PROD-011,East,2023-10-22,447.63,87,5993611089520404,989
14679,PROD-066,North,2023-10-22,230.56,43,2062043876821497,418
11599,PROD-033,West,2023-10-22,76.72,6,4515881163027197,942
11164,PROD-036,North,2023-10-22,202.35,76,8424058443391364,684
14604,PROD-035,East,2023-10-22,402.12,59,5254953936170853,179
12278,PROD-042,West,2023-10-22,417.84,46,1368423960798919,232
10474,PROD-048,West,2023-10-22,249.48,9,3694865351406791,670
10619,PROD-074,Central,2023-10-22,476.18,65,3712135227952046,761
12035,PROD-065,South,2023-10-22,171.29,39,6495024880625728,168
11652,PROD-019,North,2023-10-22,335.03,5,8049427208602535,378
12758,PROD-074,West,2023-10-22,385.02,18,3534330557092283,234
10875,PROD-038,West,2023-10-23,374.63,72,4335511613592518,138
13066,PROD-045,South,2023-10-23,384.67,50,8677637708433976,457
10851,PROD-022,West,2023-10-23,70.57,28,1386477388411005,389
12448,PROD-060,West,2023-10-23,115.22,44,2711360708696774,592
14768,PROD-036,Central,2023-10-23,223.81,52,2130180670625411,485
10127,PROD-005,West,2023-10-23,24.68,2,1876658832000103,864
14675,PROD-054,West,2023-10-24,430.63,80,2831252309987410,402
10555,PROD-055,East,2023-10-24,253.42,49,7124500198640537,962
14842,PROD-003,South,2023-10-24,485.05,8,3834066423979054,218
13637,PROD-056,North,2023-10-24,396.4,37,8689168527962422,140
10794,PROD-027,East,2023-10-24,66.43,67,5972643413337023,234
10870,PROD-061,East,2023-10-24,190.53,17,8524975503672210,265
11592,PROD-039,North,2023-10-25,344.08,34,5784925380726076,586
12400,PROD-072,West,2023-10-25,17.93,25,4036204243247343,598
11974,PROD-011,East,2023-10-25,336.14,7,5570471719052503,991
14333,PROD-043,South,2023-10-25,436.97,23,3163594571763668,540
10461,PROD-051,East,2023-10-25,388.07,66,5169634156750225,267
14467,PROD-092,Central,2023-10-25,62.7,44,6944309437469572,938
13510,PROD-065,East,2023-10-25,153.52,41,1724043650769803,642
12825,PROD-029,North,2023-10-25,241.37,14,8950871775907906,102
12931,PROD-039,Central,2023-10-25,127.61,34,7868073255968294,913
10329,PROD-061,South,2023-10-26,182.23,85,4717493215730044,971
12228,PROD-065,North,2023-10-26,81.37,16,3231285576029419,966
11671,PROD-059,West,2023-10-26,238.24,73,7747952256274493,368
12928,PROD-022,East,2023-10-27,275.9,97,2920561220515262,969
12777,PROD-024,North,2023-10-27,122.88,95,4781052777474389,316
11109,PROD-031,North,2023-10-27,27.25,32,1297814299078417,296
10246,PROD-030,North,2023-10-27,474.04,40,4377229577830802,561
14082,PROD-048,East,2023-10-27,199.44,54,1607946870470677,731
13000,PROD-055,Central,2023-10-28,82.03,63,5195629627347144,184
12000,PROD-053,East,2023-10-28,366.76,53,8267651870791410,427
14944,PROD-051,West,2023-10-28,292.4,96,7677710183252575,568
13556,PROD-047,North,2023-10-28,60.35,90,3380899771384080,669
10723,PROD-065,North,2023-10-28,88.87,26,2003892753449150,562
10888,PROD-043,Central,2023-10-28,174.58,31,8793359532560806,594
12750,PROD-057,North,2023-10-28,47.54,93,8931019688379793,881
11183,PROD-056,South,2023-10-29,398.36,89,3876480232600297,716
10103,PROD-079,Central,2023-10-29,151.86,94,4579928479136170,203
14602,PROD-087,Central,2023-10-29,35.05,81,7024272041917021,313
12966,PROD-080,West,2023-10-29,364.63,70,6530036456280831,980
13539,PROD-048,Central,2023-10-30,247.07,69,5285889134112256,772
14671,PROD-020,East,2023-10-30,417.31,97,1276824542619594,671
13391,PROD-061,Central,2023-10-30,350.46,70,4660520562943275,667
10120,PROD-005,West,2023-10-30,140.71,28,8540038623402686,283
13844,PROD-018,North,2023-10-31,483.34,14,6398014857447282,177
11415,PROD-096,Central,2023-10-31,171.05,80,7181244370264497,140
11294,PROD-002,Central,2023-10-31,340.65,36,3219778027010439,904
10372,PROD-067,Central,2023-10-31,168.33,38,8954330104772946,371
11101,PROD-071,Central,2023-11-01,181.43,23,6909100077514224,149
10020,PROD-033,East,2023-11-01,134.51,99,3624454466333481,219
13094,PROD-090,North,2023-11-01,307.32,96,6472012611534774,791
13837,PROD-041,East,2023-11-02,432.03,90,5030843986774156,169
13572,PROD-097,West,2023-11-02,271.0,90,7546996537411565,227
12844,PROD-058,Central,2023-11-02,100.33,25,1728660224713836,410
10394,PROD-059,North,2023-11-03,124.09,42,5246069683452576,937
10579,PROD-045,North,2023-11-03,312.69,45,4296946555964921,691
12441,PROD-090,Central,2023-11-03,188.64,41,3315853937574109,401
12729,PROD-071,South,2023-11-04,210.57,58,4956436095028629,961
11580,PROD-084,West,2023-11-04,230.46,34,8101977720614626,395
10435,PROD-090,West,2023-11-04,220.4,38,3291022556670551,863
13347,PROD-096,East,2023-11-04,252.09,48,4321603812158313,302
11958,PROD-078,East,2023-11-04,180.06,87,4980820122958575,574
11520,PROD-057,North,2023-11-04,466.9,66,7660333959912721,848
10517,PROD-050,Central,2023-11-04,330.85,85,3559311330737562,882
14502,PROD-051,North,2023-11-04,435.06,70,3519799722902522,325
14576,PROD-091,East,2023-11-04,237.89,7,4688494478060964,519
10878,PROD-014,Central,2023-11-05,305.56,16,3946394885074429,479
10458,PROD-051,North,2023-11-05,75.8,92,6517219293837205,336
12593,PROD-018,West,2023-11-05,348.49,56,5005909067678211,100
13824,PROD-009,West,2023-11-05,463.19,90,6985353666842155,110
10693,PROD-093,East,2023-11-06,324.68,79,8442033889208537,907
12312,PROD-035,South,2023-11-06,177.28,24,5988256513185153,964
10181,PROD-060,South,2023-11-06,43.94,49,6871926988721817,660
13679,PROD-059,South,2023-11-06,385.54,28,3216551994701435,180
10562,PROD-001,West,2023-11-06,342.79,13,2109004896596556,101
10488,PROD-020,Central,2023-11-06,105.59,17,8920689111698559,851
10964,PROD-005,Central,2023-11-06,14.36,3,1180917887151426,187
13217,PROD-036,South,2023-11-07,352.92,83,3682058082336547,498
13577,PROD-009,Central,2023-11-07,276.35,22,2410794020545989,156
10621,PROD-061,South,2023-11-08,254.84,52,5208872184168220,993
12537,PROD-053,East,2023-11-08,270.9,81,1499529926064555,596
11921,PROD-098,West,2023-11-08,202.13,47,3281346094847342,996
14801,PROD-042,West,2023-11-08,141.8,97,4756525373890427,604
13798,PROD-050,East,2023-11-08,140.51,46,6024468238200459,446
13901,PROD-017,East,2023-11-08,57.52,66,3453182986834077,193
11640,PROD-005,South,2023-11-09,228.93,81,4725635921361019,460
13179,PROD-095,West,2023-11-09,88.99,30,8106790044041140,178
12995,PROD-028,North,2023-11-09,341.58,86,8895783005707879,826
10223,PROD-024,Central,2023-11-09,148.8,83,6945784183848180,285
10548,PROD-043,East,2023-11-09,53.01,63,4792897144859860,504
12660,PROD-070,North,2023-11-09,58.96,81,4919036571494001,990
14447,PROD-096,Central,2023-11-10,415.55,32,6229755572124413,493
13794,PROD-073,East,2023-11-10,140.46,52,1520971634773437,686
14960,PROD-031,East,2023-11-10,25.14,81,7288493451130253,819
14353,PROD-009,South,2023-11-10,408.67,95,6144723276811737,467
13373,PROD-039,North,2023-11-10,134.35,70,3043461805294876,728
14855,PROD-038,East,2023-11-10,365.66,32,3349754841510415,219
13082,PROD-027,West,2023-11-10,307.38,15,1800143832729858,253
12115,PROD-037,East,2023-11-11,174.91,38,3905096871575897,442
11911,PROD-058,Central,2023-11-12,394.17,29,8577398583790639,670
12635,PROD-076,North,2023-11-12,26.63,99,8922523495418292,658
10810,PROD-097,East,2023-11-12,474.61,98,3697282647945876,591
14205,PROD-081,Central,2023-11-12,167.28,10,3595250172515820,813
14246,PROD-036,East,2023-11-12,361.55,77,1683326143089837,389
10646,PROD-030,Central,2023-11-13,317.95,37,6309386076096742,430
12666,PROD-064,South,2023-11-13,269.73,25,5686868185690961,180
11276,PROD-093,South,2023-11-13,276.73,10,5718936875299649,895
12597,PROD-069,North,2023-11-13,345.46,5,4790200138635902,196
12280,PROD-077,North,2023-11-13,355.59,84,4554426911023187,393
10414,PROD-011,Central,2023-11-14,104.7,31,6481745992374098,912
10534,PROD-076,Central,2023-11-14,251.26,54,7196090734278786,663
12726,PROD-036,Central,2023-11-14,346.94,85,1618649894084273,461
10055,PROD-028,West,2023-11-14,253.94,65,3170480374727273,733
12947,PROD-085,West,2023-11-15,230.59,57,4514485610913857,490
10082,PROD-035,East,2023-11-15,316.08,18,2912605663210066,885
13180,PROD-080,West,2023-11-16,360.57,70,4887393814049585,582
12522,PROD-039,East,2023-11-16,129.43,21,3916396687259874,616
14788,PROD-061,East,2023-11-16,151.68,31,7529474068678615,447
13811,PROD-031,South,2023-11-16,110.33,42,5548783471765574,246
14692,PROD-060,North,2023-11-16,119.37,19,3395045694486757,542
11283,PROD-061,South,2023-11-17,210.47,24,2758865754659336,134
10740,PROD-052,Central,2023-11-17,17.59,22,2736009539722574,833
11939,PROD-027,South,2023-11-17,130.7,84,1970822899444831,294
11141,PROD-079,East,2023-11-17,377.77,46,2701516479235198,254
14532,PROD-006,East,2023-11-17,303.72,44,6165736422779162,274
12147,PROD-087,East,2023-11-18,156.79,58,1164732231585478,525
10505,PROD-051,West,2023-11-18,291.68,5,4096951433827628,905
10772,PROD-066,West,2023-11-18,271.62,89,1439125048115235,770
14061,PROD-026,West,2023-11-19,486.03,20,2459882143732358,367
11961,PROD-038,North,2023-11-19,320.53,91,3988259053722310,656
11037,PROD-006,North,2023-11-19,368.55,23,7159892508033085,727
10813,PROD-014,East,2023-11-19,366.29,75,5670380885467216,652
10385,PROD-056,Central,2023-11-19,235.97,51,1388636712187244,191
11324,PROD-029,North,2023-11-20,314.44,78,8936233497932661,687
10926,PROD-061,West,2023-11-20,48.45,34,6086292963187616,143
13227,PROD-000,East,2023-11-21,52.18,21,2437579500532945,264
12833,PROD-089,South,2023-11-22,102.07,100,2845765780700309,199
14237,PROD-055,North,2023-11-22,232.21,66,4448032484904519,613
12708,PROD-019,South,2023-11-22,334.87,25,2507073301168755,582
12672,PROD-011,Central,2023-11-23,37.34,94,3816907120857712,494
12290,PROD-048,East,2023-11-23,449.35,47,2604514445482836,133
14551,PROD-080,East,2023-11-23,341.51,73,5391185428602318,453
12760,PROD-008,West,2023-11-23,115.82,53,4080577660738846,302
14260,PROD-031,East,2023-11-23,10.62,40,2621457755984406,523
10230,PROD-086,East,2023-11-23,438.62,64,3879516688985621,104
13339,PROD-027,South,2023-11-23,465.23,3,4899027796792049,363
12066,PROD-044,North,2023-11-23,474.24,12,7490361874613808,868
12083,PROD-093,North,2023-11-24,99.61,55,6043751766387929,923
14712,PROD-073,West,2023-11-24,225.7,4,7866137432949554,502
10860,PROD-028,South,2023-11-24,489.09,13,4525567092267852,990
10691,PROD-035,Central,2023-11-24,10.98,36,4824359290671564,574
11107,PROD-020,Central,2023-11-24,399.98,10,6860939299245345,773
11243,PROD-042,North,2023-11-25,230.04,85,4186407317118603,494
14200,PROD-095,Central,2023-11-25,36.88,17,8846018586583297,564
14722,PROD-063,North,2023-11-25,209.44,47,2772413332828007,855
12924,PROD-018,South,2023-11-25,116.6,53,2333190269909014,555
10840,PROD-025,South,2023-11-26,222.17,59,6859045676209434,439
14615,PROD-004,West,2023-11-26,380.47,26,5485238268515358,757
13189,PROD-066,North,2023-11-26,360.07,61,5883197571243797,926
11110,PROD-033,South,2023-11-26,308.01,96,2250333712220756,951
14648,PROD-035,East,2023-11-26,38.08,57,2000569718924511,818
11875,PROD-044,East,2023-11-27,80.11,11,1740790089839995,767
14416,PROD-070,Central,2023-11-27,14.72,31,5408408735087654,295
11576,PROD-059,North,2023-11-27,75.32,30,8277188203407762,842
12655,PROD-005,South,2023-11-28,281.25,90,1247924973019726,287
14928,PROD-014,Central,2023-11-28,414.39,2,2296903471279462,538
11306,PROD-047,North,2023-11-28,281.26,86,7740700558530643,119
12426,PROD-070,East,2023-11-28,216.47,72,2564208924348643,722
13735,PROD-098,East,2023-11-28,420.51,34,6151879307354802,686
13345,PROD-018,North,2023-11-28,129.96,3,5189566731333516,521
10600,PROD-042,South,2023-11-28,195.55,8,5018903129433982,168
12233,PROD-014,West,2023-11-29,31.98,99,7892551642447940,492
14513,PROD-051,Central,2023-11-29,280.68,72,7810599532194679,853
13813,PROD-003,Central,2023-11-29,373.36,55,8681821172424706,491
14703,PROD-073,West,2023-11-29,32.32,87,4730456220101617,930
13779,PROD-006,North,2023-11-29,354.47,55,7240497439417707,736
14159,PROD-029,Central,2023-11-30,328.36,54,4486828344659397,127
11206,PROD-066,Central,2023-11-30,56.84,62,4576927088075858,887
13973,PROD-055,Central,2023-11-30,223.51,19,2946896757584289,680
12979,PROD-041,North,2023-11-30,197.08,52,2299888892923242,757
10515,PROD-080,West,2023-12-01,154.75,9,3685241390997442,793
13945,PROD-028,South,2023-12-01,198.44,24,6419018183702240,728
13673,PROD-023,East,2023-12-01,206.08,94,5494843024888549,935
10128,PROD-009,East,2023-12-01,294.88,95,4533841125683339,516
14119,PROD-047,North,2023-12-02,30.13,17,4799190870182878,518
11556,PROD-031,South,2023-12-02,175.81,32,1731536219707364,939
12374,PROD-051,North,2023-12-02,143.03,33,8602060649213012,682
14454,PROD-090,North,2023-12-03,189.78,19,6286047833566117,195
11940,PROD-020,South,2023-12-03,145.08,70,4868903007857943,439
13842,PROD-072,East,2023-12-03,371.01,9,4734568572734331,465
11181,PROD-031,East,2023-12-03,164.82,63,1822245459021157,934
11349,PROD-059,East,2023-12-04,461.48,15,6286161581714796,748
12727,PROD-077,South,2023-12-04,417.46,42,1190299834349239,575
11252,PROD-047,East,2023-12-04,161.88,39,3732134635784630,658
10399,PROD-004,West,2023-12-04,208.45,99,4781350341210981,899
14753,PROD-054,Central,2023-12-04,175.88,93,6691655121499553,988
12567,PROD-085,Central,2023-12-04,489.34,49,3871827109212846,485
10172,PROD-033,East,2023-12-04,177.55,99,4600931594454252,219
14070,PROD-012,East,2023-12-04,476.03,100,3479747957472644,357
10038,PROD-030,West,2023-12-04,110.32,50,7196786849673112,233
11764,PROD-069,Central,2023-12-05,468.18,80,6613391868535491,177
12479,PROD-059,North,2023-12-05,34.71,46,7635675771841944,228
11691,PROD-027,East,2023-12-05,63.05,57,8336523114536902,198
12712,PROD-045,East,2023-12-05,162.0,93,1748513004268402,491
11741,PROD-094,Central,2023-12-05,44.5,100,1023736171698384,628
10734,PROD-055,North,2023-12-05,460.29,37,6346425834499084,597
10187,PROD-056,East,2023-12-06,149.57,20,3549492398639924,878
11147,PROD-050,Central,2023-12-06,420.77,89,7378883451442761,545
10532,PROD-025,Central,2023-12-06,249.41,4,8783661926876987,331
12942,PROD-099,East,2023-12-06,47.76,10,4693636981141770,155
10704,PROD-096,East,2023-12-06,128.69,71,8225810490856731,234
14738,PROD-009,East,2023-12-06,414.36,45,8380037581291082,500
11701,PROD-095,West,2023-12-06,343.38,40,4390332935286739,562
12388,PROD-041,South,2023-12-07,472.12,22,8768964801414389,128
10214,PROD-022,West,2023-12-07,344.52,3,6104000395297771,410
10333,PROD-032,Central,2023-12-07,332.75,71,1455486344477914,391
13388,PROD-079,East,2023-12-07,342.48,100,8227394856780629,982
14393,PROD-055,South,2023-12-08,295.3,3,8828308830558201,494
10119,PROD-057,North,2023-12-08,152.88,54,4823220995872402,872
14438,PROD-028,Central,2023-12-08,400.58,25,7567773246521797,265
13027,PROD-028,South,2023-12-08,70.26,93,3444056503603449,631
11232,PROD-009,Central,2023-12-08,209.58,18,6520790008182567,539
13754,PROD-014,West,2023-12-08,350.52,51,3643468996408059,664
11808,PROD-073,South,2023-12-09,41.05,11,1434116341920396,241
10034,PROD-039,South,2023-12-09,14.47,51,1793158507022315,431
10927,PROD-021,South,2023-12-09,132.46,6,6478492900680845,424
10014,PROD-025,South,2023-12-09,253.51,58,4932611038240044,627
11719,PROD-089,North,2023-12-09,354.64,74,7792699303700491,807
14617,PROD-003,South,2023-12-09,28.77,57,4805946524266042,214
12286,PROD-080,West,2023-12-10,269.23,57,6543633775106747,161
12839,PROD-022,Central,2023-12-10,149.01,15,1277803095733005,190
11448,PROD-007,East,2023-12-10,128.42,79,5403584678922041,659
14057,PROD-005,East,2023-12-10,277.05,67,4349267426452237,248
13511,PROD-045,South,2023-12-10,488.63,22,5210859277894215,332
11364,PROD-092,Central,2023-12-11,217.35,37,2184919980647038,479
11696,PROD-041,North,2023-12-11,279.35,68,3469195270677557,734
13588,PROD-009,East,2023-12-11,342.92,27,8384349013130906,812
12063,PROD-006,East,2023-12-11,360.66,5,5816457967064905,126
14777,PROD-090,West,2023-12-12,51.14,97,5458731533999087,672
14765,PROD-063,East,2023-12-12,254.03,1,7386568396626180,193
12170,PROD-010,East,2023-12-12,431.89,26,7293997728376495,133
13834,PROD-013,South,2023-12-12,401.25,70,5206587309387047,879
12239,PROD-074,Central,2023-12-12,428.42,97,4696343867647201,296
13854,PROD-045,West,2023-12-13,105.55,15,8455223437418172,399
12023,PROD-050,East,2023-12-13,230.79,26,8118545034256700,114
11826,PROD-099,North,2023-12-13,279.3,91,4182559108346599,478
13458,PROD-055,East,2023-12-13,14.52,87,8012554767020498,296
10441,PROD-048,West,2023-12-13,382.64,97,8252364855606090,704
11125,PROD-020,Central,2023-12-13,34.77,12,4724050470947565,640
14112,PROD-079,West,2023-12-14,320.75,38,6609740427804168,581
11427,PROD-073,West,2023-12-14,226.57,95,7711472125100550,890
12212,PROD-095,West,2023-12-14,294.88,32,8623035635301892,472
13916,PROD-059,South,2023-12-15,55.61,20,5241423648895136,761
11664,PROD-063,South,2023-12-15,415.49,59,2946699231960046,899
14525,PROD-059,West,2023-12-15,168.75,7,5089533577939481,525
11446,PROD-029,West,2023-12-15,442.17,82,5473847979383314,349
11480,PROD-085,East,2023-12-15,387.94,75,2923297738817013,985
11886,PROD-032,North,2023-12-15,118.54,33,8465483919383737,892
10390,PROD-062,West,2023-12-15,295.55,64,5996760260286222,672
13561,PROD-019,South,2023-12-16,487.64,93,4913985626129401,243
13626,PROD-007,East,2023-12-16,184.91,97,8191469563333048,667
10781,PROD-066,Central,2023-12-16,240.16,60,6269925907643884,677
12694,PROD-075,East,2023-12-16,441.68,61,4224601688906496,646
11600,PROD-029,East,2023-12-16,189.01,83,7613663464832255,610
11485,PROD-025,Central,2023-12-17,424.44,82,8364415628261154,630
10443,PROD-091,South,2023-12-17,454.58,53,5126356705075812,420
11188,PROD-069,West,2023-12-17,326.31,75,5505184197038397,628
11622,PROD-076,Central,2023-12-17,15.73,26,1592852658312994,727
13810,PROD-020,North,2023-12-17,359.2,4,6923354822077178,563
12512,PROD-079,West,2023-12-18,210.29,44,1721439453393563,456
13746,PROD-029,North,2023-12-18,136.44,80,1943118808886962,571
13236,PROD-019,Central,2023-12-19,174.13,9,6632153980645697,263
11273,PROD-001,West,2023-12-19,45.89,27,8972618112439299,358
10716,PROD-005,South,2023-12-19,367.73,79,6436082568696123,747
14432,PROD-000,West,2023-12-19,383.3,72,6754414382509616,280
12383,PROD-060,West,2023-12-19,386.87,7,4230037026056426,503
12927,PROD-032,West,2023-12-19,175.08,58,5819854690401884,619
14799,PROD-070,East,2023-12-19,168.66,47,3191584428756220,822
11901,PROD-021,South,2023-12-19,328.83,25,4239268122962767,937
11742,PROD-024,East,2023-12-20,248.79,93,7261838178160069,712
13961,PROD-035,North,2023-12-20,443.23,69,1088594256710194,963
12354,PROD-057,North,2023-12-20,417.65,75,4621948508011206,521
10299,PROD-098,South,2023-12-21,388.74,90,2349423810071485,917
11716,PROD-004,East,2023-12-21,333.46,31,1688276932214875,452
11064,PROD-096,Central,2023-12-21,272.51,16,6400175732320695,787
11304,PROD-023,North,2023-12-21,474.79,1,7293839905724874,383
10669,PROD-000,North,2023-12-21,68.46,54,2440004484341393,452
11639,PROD-075,South,2023-12-21,285.24,12,2780725166253065,209
13132,PROD-067,Central,2023-12-21,106.95,54,2368590897540732,630
10636,PROD-084,Central,2023-12-21,447.84,40,3307049502472866,161
13222,PROD-048,North,2023-12-22,203.17,99,8155953701826468,116
10951,PROD-069,East,2023-12-22,40.27,82,6332897023508135,382
13944,PROD-033,South,2023-12-22,362.98,63,1640123200232960,134
13437,PROD-064,East,2023-12-22,103.04,70,2345261872302670,475
13806,PROD-031,Central,2023-12-22,306.17,67,1396051222860082,415
12038,PROD-039,North,2023-12-23,15.01,58,7179335949047839,587
13412,PROD-060,East,2023-12-23,273.28,24,8366623361069385,768
13205,PROD-092,North,2023-12-23,179.29,61,7557455504618644,975
10981,PROD-027,East,2023-12-23,372.34,24,8700233824944957,740
12053,PROD-038,West,2023-12-24,343.66,16,1900614032927817,624
13654,PROD-025,South,2023-12-24,444.3,88,2181012981481242,907
11139,PROD-024,East,2023-12-24,418.37,78,8146817963801487,362
12992,PROD-093,Central,2023-12-24,456.64,15,6969145550617518,900
11781,PROD-010,South,2023-12-24,80.25,99,8036230934150468,287
12020,PROD-014,West,2023-12-24,123.01,59,3446079862909249,130
12936,PROD-067,North,2023-12-24,269.06,73,5189525412268862,666
12999,PROD-090,West,2023-12-24,343.74,14,1259682765643720,946
14468,PROD-057,West,2023-12-26,205.89,67,7112843613974771,458
11375,PROD-026,East,2023-12-26,116.41,43,6897517773213203,466
11460,PROD-093,West,2023-12-26,462.18,51,7031100499165634,974
11457,PROD-087,West,2023-12-26,304.0,42,2946736816282207,479
12510,PROD-021,North,2023-12-26,458.39,30,2135107034845292,536
11846,PROD-064,Central,2023-12-26,89.21,90,6644416473811688,197
11527,PROD-092,West,2023-12-26,177.15,56,4352725441744033,264
13547,PROD-097,West,2023-12-27,109.25,69,7203839581144338,259
11896,PROD-082,East,2023-12-27,454.22,24,5651613567829184,804
11891,PROD-053,North,2023-12-27,364.81,84,2426847006556249,769
10292,PROD-067,East,2023-12-27,309.53,14,8716497652647584,293
14579,PROD-003,Central,2023-12-27,399.9,99,6590208703613019,223
13316,PROD-084,East,2023-12-27,428.24,47,4081093188183540,381
10228,PROD-078,West,2023-12-27,358.15,15,4464573412982763,640
12756,PROD-053,Central,2023-12-27,56.98,98,2959130585751721,982
14003,PROD-027,Central,2023-12-28,403.69,52,4332920649509203,899
12580,PROD-010,West,2023-12-28,225.94,26,7502589401835496,489
10681,PROD-003,South,2023-12-28,112.04,68,8300738315036482,307
12734,PROD-084,South,2023-12-28,339.07,65,2545397019016937,684
13474,PROD-055,Central,2023-12-29,158.51,4,4812592012286966,975
13734,PROD-001,Central,2023-12-29,72.75,82,7116465089387958,887
13712,PROD-017,South,2023-12-29,300.38,37,7013193731247316,781
13218,PROD-016,East,2023-12-29,461.59,1,5653543215730599,811
14294,PROD-089,North,2023-12-29,127.47,41,5362472440653909,433
10480,PROD-032,West,2023-12-29,194.77,51,6576838319843362,604
14031,PROD-003,North,2023-12-29,281.78,51,3181384295269832,584
12521,PROD-084,North,2023-12-29,271.66,8,1592392106976571,387
14331,PROD-040,East,2023-12-30,167.31,39,1383906547659754,151
10456,PROD-000,East,2023-12-30,350.11,54,6554785909714659,650
13050,PROD-000,North,2023-12-30,110.17,87,7635749032631511,842
12524,PROD-099,East,2023-12-30,29.21,89,6964146343087553,715
14446,PROD-015,West,2023-12-31,419.91,83,4422731663397664,507
11374,PROD-048,South,2023-12-31,388.64,28,7466953755277274,620
12079,PROD-028,Central,2023-12-31,85.99,86,8799696562995158,190
13602,PROD-095,North,2023-12-31,289.09,11,7403165639491870,532
13084,PROD-003,West,2024-01-01,312.17,66,6881051347012179,933
14250,PROD-012,South,2024-01-01,242.4,16,8934107049860640,297
11594,PROD-077,West,2024-01-01,163.4,59,7020264528001412,124
14115,PROD-097,North,2024-01-01,118.78,90,7299231610076220,112
10002,PROD-097,Central,2024-01-01,28.88,45,8760317352847723,176
14055,PROD-004,North,2024-01-02,18.99,59,1252035909210343,948
11583,PROD-081,West,2024-01-02,244.21,94,8252477466543320,965
13682,PROD-010,Central,2024-01-02,38.17,83,8931384299758744,596
13578,PROD-050,West,2024-01-02,204.37,19,4131268451771765,976
14244,PROD-065,North,2024-01-02,287.55,48,1996160133362221,633
14482,PROD-086,West,2024-01-02,96.79,36,3055059883650091,246
13698,PROD-060,Central,2024-01-03,151.59,65,3242829845646262,874
11471,PROD-026,East,2024-01-03,331.6,35,7267708973921279,434
12692,PROD-017,Central,2024-01-03,465.16,77,3314287662087414,265
10492,PROD-095,East,2024-01-03,415.9,84,2334928683424820,700
12602,PROD-005,South,2024-01-04,332.28,16,8081840749639712,821
10495,PROD-050,Central,2024-01-04,299.89,42,5188739697781339,560
12034,PROD-057,North,2024-01-04,381.04,14,8313666783383963,695
14103,PROD-053,East,2024-01-04,141.03,52,3256772846214149,672
14985,PROD-030,Central,2024-01-04,439.84,84,4112513747693864,724
14894,PROD-028,South,2024-01-04,128.74,22,3588181201220748,751
11080,PROD-021,North,2024-01-05,316.95,35,1986706948379707,850
13268,PROD-031,North,2024-01-05,269.53,23,6062631612992145,297
11569,PROD-037,East,2024-01-05,107.28,56,4413213819733359,188
14528,PROD-067,North,2024-01-06,174.56,26,1962490460311806,981
14034,PROD-056,Central,2024-01-06,101.23,35,7695382181903996,411
10638,PROD-075,East,2024-01-06,274.34,43,2080449431316604,946
13202,PROD-028,East,2024-01-06,59.0,80,1932773461260203,885
11550,PROD-016,West,2024-01-07,328.51,40,7206592527693466,419
14483,PROD-099,South,2024-01-07,129.79,60,8862115378491985,871
10108,PROD-065,West,2024-01-07,209.75,39,3245230076205370,965
12475,PROD-034,East,2024-01-07,446.31,18,3918037821967408,771
12636,PROD-012,Central,2024-01-07,405.0,51,6734811925802062,607
12905,PROD-092,Central,2024-01-07,46.07,78,7753919118149637,128
10535,PROD-082,Central,2024-01-08,194.3,99,7660667947517492,680
12553,PROD-031,West,2024-01-08,100.88,68,7431240453605721,556
10083,PROD-085,West,2024-01-08,193.24,17,2479409475801100,759
14569,PROD-085,South,2024-01-09,232.89,91,2877116203039127,187
12078,PROD-078,South,2024-01-09,324.7,12,5375930156162772,642
12676,PROD-012,South,2024-01-09,159.59,61,7147928882524428,995
11221,PROD-009,South,2024-01-09,223.43,52,8486100447122424,302
13954,PROD-086,South,2024-01-09,402.82,87,4907429802868717,234
11113,PROD-090,East,2024-01-10,375.96,82,4346321371397121,897
13629,PROD-033,West,2024-01-10,463.21,40,7442472062532204,510
10551,PROD-030,South,2024-01-10,142.98,69,5182238394378669,281
10376,PROD-063,East,2024-01-11,25.04,41,1748378845783279,361
11015,PROD-040,South,2024-01-11,377.23,79,3315929732767975,636
13136,PROD-083,North,2024-01-11,454.74,76,3634466711651621,371
11048,PROD-088,South,2024-01-11,296.94,44,4421902350469285,700
14583,PROD-031,West,2024-01-12,395.15,17,2136997538701556,342
11170,PROD-096,North,2024-01-12,296.82,48,2841121389750255,934
11117,PROD-095,Central,2024-01-12,329.15,69,1529180858630574,835
12801,PROD-043,Central,2024-01-13,264.45,47,4036622060138449,406
11505,PROD-038,Central,2024-01-13,279.09,62,2863779766081699,410
12744,PROD-099,North,2024-01-13,162.67,39,8470848512811568,613
10819,PROD-042,North,2024-01-13,177.13,80,2401755309525746,835
13385,PROD-021,East,2024-01-14,90.67,31,2523719001080066,761
11130,PROD-045,East,2024-01-14,398.85,37,8735378411956890,823
13464,PROD-015,North,2024-01-14,370.63,15,2558726111030998,124
10738,PROD-082,North,2024-01-14,37.39,14,1739988601593090,808
13600,PROD-044,North,2024-01-14,69.65,5,7708366472138078,487
10294,PROD-007,East,2024-01-15,224.28,90,3698387108652691,800
11341,PROD-066,Central,2024-01-15,188.48,100,3737073318562354,501
10823,PROD-081,West,2024-01-16,393.77,30,5736067012648154,736
13687,PROD-096,South,2024-01-16,17.7,45,7841582696336588,828
10827,PROD-044,West,2024-01-16,352.44,56,2583726671156102,765
10354,PROD-027,West,2024-01-17,139.13,44,3467305035119098,998
11119,PROD-049,North,2024-01-17,448.21,6,2834602816757488,383
10375,PROD-012,Central,2024-01-17,388.06,61,5122773555064118,478
13438,PROD-011,West,2024-01-17,91.77,92,2891808013905267,334
12735,PROD-092,Central,2024-01-17,64.64,56,3984999035206818,524
12783,PROD-044,West,2024-01-18,303.65,49,5171558314881430,641
12019,PROD-074,West,2024-01-18,428.57,14,7895225695293521,521
11986,PROD-079,Central,2024-01-18,320.14,75,6955057787977367,145
12266,PROD-034,North,2024-01-18,418.62,61,1420641234763891,335
12339,PROD-070,South,2024-01-18,101.17,53,1792090109992518,690
14296,PROD-003,South,2024-01-18,57.25,12,7289820752488235,310
14165,PROD-027,South,2024-01-19,189.82,27,2647357082285775,414
10873,PROD-044,South,2024-01-19,453.69,7,1697680043470091,805
14022,PROD-025,North,2024-01-19,18.31,16,2928052351567629,173
11223,PROD-093,Central,2024-01-19,470.8,89,4100071335821672,153
11963,PROD-097,South,2024-01-19,450.87,60,4988630636040330,260
11017,PROD-092,West,2024-01-19,395.92,7,5794484358821466,242
14880,PROD-086,East,2024-01-19,343.08,42,5768797300599362,611
14622,PROD-083,West,2024-01-20,406.41,36,5530924837110021,854
12273,PROD-049,East,2024-01-20,218.09,85,7441426696665396,926
12926,PROD-085,North,2024-01-20,105.94,60,5938517227293907,519
14182,PROD-020,North,2024-01-20,62.16,62,3626985408802969,580
11253,PROD-058,Central,2024-01-20,486.95,16,1598773516379137,454
14308,PROD-025,North,2024-01-20,31.41,51,7471378993141771,818
13529,PROD-027,West,2024-01-20,101.59,79,5135481831994777,552
13143,PROD-012,North,2024-01-20,57.8,73,3664235604025357,845
13639,PROD-055,West,2024-01-21,61.8,41,4635804141458155,387
10824,PROD-061,West,2024-01-21,266.81,14,6779078244137965,693
12680,PROD-097,West,2024-01-21,232.94,1,4665894803642802,529
10703,PROD-047,West,2024-01-21,120.52,73,8149602743230824,605
13876,PROD-022,West,2024-01-21,11.78,20,3152993539376693,428
12097,PROD-040,South,2024-01-21,128.58,33,6396023652296679,420
13742,PROD-085,East,2024-01-21,483.96,72,4708311921776858,616
13379,PROD-081,South,2024-01-22,148.41,69,5657404761709381,666
11171,PROD-059,South,2024-01-22,218.46,35,2584537243074939,364
10489,PROD-054,North,2024-01-22,139.82,33,6248494415520350,753
12420,PROD-041,East,2024-01-22,109.21,54,3792314583389267,329
14424,PROD-021,East,2024-01-22,134.88,77,4432398963626442,413
12043,PROD-084,West,2024-01-23,393.31,3,6748053913577189,835
13418,PROD-000,Central,2024-01-23,148.91,74,8984592947660830,953
11208,PROD-064,South,2024-01-23,306.67,71,7176089293787314,542
13447,PROD-032,South,2024-01-25,108.0,28,2130290062674639,268
13847,PROD-097,Central,2024-01-25,122.05,63,7499111366796682,713
12674,PROD-004,North,2024-01-25,53.07,78,1056281568597316,246
12519,PROD-012,South,2024-01-25,85.23,35,3393424622030714,594
12230,PROD-016,West,2024-01-26,62.25,8,7346813215309419,975
14073,PROD-008,West,2024-01-26,39.47,20,3952433445722181,984
11429,PROD-025,South,2024-01-26,189.85,45,5497957152601282,965
12806,PROD-013,South,2024-01-26,452.51,12,3337951035435727,584
12289,PROD-078,South,2024-01-26,271.69,97,5061532889133618,700
13989,PROD-090,East,2024-01-27,368.45,10,5174793643803836,651
14789,PROD-088,South,2024-01-27,310.15,86,6343595780591338,711
11414,PROD-010,South,2024-01-27,142.4,59,3200742739129552,773
12619,PROD-096,North,2024-01-27,107.72,34,2545050624444528,947
11997,PROD-072,Central,2024-01-28,484.91,70,3521538528668629,693
11798,PROD-031,Central,2024-01-28,164.99,60,1637174311373993,375
13067,PROD-055,East,2024-01-28,365.26,12,6479295604873437,500
11279,PROD-074,East,2024-01-28,78.67,52,7260157757140741,740
11035,PROD-024,North,2024-01-28,441.01,9,2022921168922016,769
12264,PROD-086,West,2024-01-29,246.38,47,1428816508144573,993
13804,PROD-024,Central,2024-01-30,366.24,78,6460349768119387,828
13088,PROD-091,East,2024-01-30,386.13,80,6725861524120595,396
10668,PROD-057,East,2024-01-30,229.99,85,2974575612758965,247
10634,PROD-004,West,2024-01-30,428.79,44,1444619930995384,632
13683,PROD-027,West,2024-01-31,236.95,48,2280190027733720,983
12584,PROD-031,Central,2024-01-31,327.41,94,5251028062991483,536
11104,PROD-011,West,2024-01-31,80.01,47,3366912097102344,756
12850,PROD-063,West,2024-01-31,253.5,93,2576289706617482,958
10425,PROD-053,Central,2024-01-31,442.77,59,5826105547309434,742
10675,PROD-056,Central,2024-02-01,277.84,5,2447110872562716,205
14745,PROD-012,South,2024-02-01,376.89,6,2296058154738787,684
12205,PROD-037,Central,2024-02-01,195.19,94,3672925298836335,798
10763,PROD-007,Central,2024-02-01,488.07,40,3220224822585613,134
11607,PROD-056,West,2024-02-02,71.02,25,7857653371230549,392
13903,PROD-023,West,2024-02-02,122.37,54,4774114835724009,990
12075,PROD-035,Central,2024-02-02,170.22,50,6539361266410582,977
13166,PROD-065,Central,2024-02-02,377.86,43,8283706811038199,298
12466,PROD-082,Central,2024-02-02,395.3,48,7350651206876330,635
13196,PROD-047,Central,2024-02-03,80.25,80,7109315701100475,875
10641,PROD-059,Central,2024-02-03,348.5,90,6808052607349115,571
10721,PROD-029,Central,2024-02-03,157.94,40,2948630226977522,244
10027,PROD-071,East,2024-02-04,174.91,62,7547773007718256,872
12028,PROD-072,West,2024-02-04,495.8,74,1442455124633197,606
14514,PROD-063,North,2024-02-04,236.33,20,6151420163353371,556
12968,PROD-008,North,2024-02-04,65.18,58,6745198593560285,394
12611,PROD-077,Central,2024-02-04,393.59,39,8115152550225369,542
13135,PROD-023,Central,2024-02-04,140.33,93,7576634494676041,940
10666,PROD-065,Central,2024-02-04,468.37,82,5299486484458032,324
12324,PROD-061,East,2024-02-05,168.39,34,3522321067904538,593
14599,PROD-074,Central,2024-02-05,381.11,19,4146648249687385,599
10687,PROD-058,West,2024-02-05,454.32,99,2508930644038200,846
11539,PROD-083,South,2024-02-05,351.3,8,1999810057843323,418
13611,PROD-066,West,2024-02-05,465.06,32,3818019171405406,608
13410,PROD-002,North,2024-02-05,377.48,39,4001601305404439,805
10803,PROD-097,Central,2024-02-05,370.46,11,7277714911776108,856
10944,PROD-074,South,2024-02-06,478.89,51,2689955019719654,718
14449,PROD-018,East,2024-02-06,228.96,74,2716249335952878,492
11712,PROD-067,South,2024-02-06,336.6,100,1523575162763397,440
14461,PROD-009,East,2024-02-07,409.08,93,8403941686755377,483
11436,PROD-022,East,2024-02-07,366.76,15,3617000829388470,238
10152,PROD-087,East,2024-02-07,53.73,34,3238053165776942,529
14813,PROD-016,South,2024-02-08,265.96,84,8611477174896079,425
10501,PROD-093,East,2024-02-08,153.09,38,8935121814630537,499
13348,PROD-018,Central,2024-02-09,225.08,40,4172471986747463,915
11244,PROD-012,East,2024-02-09,104.45,27,4286775249744527,883
14293,PROD-056,Central,2024-02-09,485.08,30,7112403519418055,332
10861,PROD-020,East,2024-02-10,172.5,32,2817240812761128,225
12525,PROD-053,South,2024-02-10,151.25,8,2666526752900055,648
13541,PROD-017,West,2024-02-10,294.57,37,8445104111166729,647
14090,PROD-065,North,2024-02-11,395.98,6,6466245080006846,892
13772,PROD-093,West,2024-02-11,88.44,92,3391739381865761,938
14423,PROD-016,East,2024-02-11,96.08,72,6971199847423547,851
12025,PROD-080,West,2024-02-11,457.3,29,5614349475971690,331
11472,PROD-091,West,2024-02-12,234.38,19,8450415259756667,633
10934,PROD-086,East,2024-02-13,419.59,37,1403816760979016,104
10195,PROD-004,Central,2024-02-13,309.81,20,7707302040569371,201
13203,PROD-098,North,2024-02-14,199.49,11,4923521361571279,532
11591,PROD-063,Central,2024-02-14,225.7,96,6488558636251330,738
11441,PROD-001,North,2024-02-14,158.89,90,4685237608296666,142
11086,PROD-075,South,2024-02-14,476.22,92,2275995570722002,784
12810,PROD-085,West,2024-02-15,60.67,38,3049261473587821,291
10652,PROD-051,Central,2024-02-15,103.23,61,6249111145129635,943
14932,PROD-059,West,2024-02-15,244.03,15,3667369041977710,609
14987,PROD-065,South,2024-02-15,118.74,85,4778008001004428,300
10042,PROD-048,North,2024-02-16,12.07,20,8373922315895451,156
14942,PROD-027,South,2024-02-16,153.36,65,3744650033535059,445
10816,PROD-038,Central,2024-02-16,230.72,79,3171706099362232,990
10516,PROD-060,West,2024-02-17,442.36,95,1691512800277584,182
12211,PROD-078,West,2024-02-17,380.17,75,1036805501211823,679
12704,PROD-062,West,2024-02-17,312.28,100,7746287798609880,933
10544,PROD-047,West,2024-02-17,298.66,39,4685577109810341,431
12026,PROD-093,Central,2024-02-17,221.87,3,5800432447606471,407
12321,PROD-087,West,2024-02-18,322.55,66,5008535093766818,582
11373,PROD-042,East,2024-02-18,31.29,30,1581837648236875,318
10137,PROD-092,East,2024-02-18,230.21,23,1298349096312761,977
14874,PROD-065,South,2024-02-18,449.16,87,8981715596956825,495
13264,PROD-061,Central,2024-02-18,28.22,26,1067374099522975,746
13341,PROD-069,West,2024-02-18,405.12,25,7669321659437270,179
13617,PROD-044,East,2024-02-19,308.62,39,6454636587997476,350
14911,PROD-037,Central,2024-02-19,356.6,84,7135397126733501,401
12152,PROD-049,North,2024-02-19,444.42,76,5608601974039033,481
13731,PROD-013,Central,2024-02-19,421.78,91,4577466148544709,471
10025,PROD-029,Central,2024-02-19,410.72,26,5429955959402603,147
11443,PROD-011,South,2024-02-20,38.07,64,3347975150642399,897
14360,PROD-080,West,2024-02-20,286.26,91,4736420534270956,563
10484,PROD-079,South,2024-02-21,212.72,73,7603981385772168,357
14223,PROD-068,East,2024-02-21,24.25,15,6090607006808717,135
14085,PROD-095,West,2024-02-21,283.02,100,8697495648709089,196
10030,PROD-085,South,2024-02-21,144.17,74,1543174964261594,668
13727,PROD-056,Central,2024-02-22,97.69,23,7724635495414155,892
12316,PROD-000,West,2024-02-22,354.51,53,3084539555541649,309
13801,PROD-093,South,2024-02-22,14.29,18,8232208865743550,647
13297,PROD-051,East,2024-02-22,343.75,78,2132528329805659,423
14999,PROD-085,South,2024-02-22,400.33,46,5162555468044129,853
11153,PROD-086,West,2024-02-22,218.17,67,8680552249901899,548
11851,PROD-079,East,2024-02-23,199.02,81,6538866791414044,709
11847,PROD-083,East,2024-02-23,481.07,30,5798646546252350,821
13310,PROD-017,North,2024-02-23,316.29,100,4820476506299255,707
12129,PROD-096,East,2024-02-23,231.38,54,5916724588892840,269
10876,PROD-008,North,2024-02-24,257.06,80,8493396140997295,918
12848,PROD-079,North,2024-02-24,404.64,98,1766498584696334,418
11932,PROD-000,North,2024-02-25,359.06,56,4111854122646796,859
11140,PROD-000,Central,2024-02-26,289.46,17,1326281455600155,168
11722,PROD-013,South,2024-02-26,291.07,30,5198159191379383,575
10711,PROD-095,Central,2024-02-26,116.42,38,4620495575396636,152
10345,PROD-064,South,2024-02-26,163.09,21,6056624769371038,546
10525,PROD-074,South,2024-02-26,72.51,56,5040167424343382,828
11106,PROD-032,North,2024-02-26,330.16,18,3595946392400497,491
11116,PROD-022,West,2024-02-26,143.14,100,6601667614453965,543
10211,PROD-056,North,2024-02-27,176.03,63,2625186451470929,839
14557,PROD-056,East,2024-02-27,353.69,95,6902602030159247,843
14694,PROD-000,South,2024-02-27,485.97,75,4555516176507260,235
10409,PROD-020,North,2024-02-27,461.97,15,7113819604785787,838
12911,PROD-012,North,2024-02-28,426.43,9,6918097080495515,832
10258,PROD-052,East,2024-02-28,202.38,19,3536135573625743,586
14332,PROD-040,West,2024-02-28,34.82,75,2603016835318858,738
12164,PROD-041,North,2024-02-28,176.7,12,7827102918177294,241
11019,PROD-075,North,2024-02-28,255.62,83,4902434585061934,877
10116,PROD-091,Central,2024-02-28,480.49,54,5712092574818753,194
10514,PROD-082,South,2024-02-28,107.18,52,1878649217868079,748
14357,PROD-011,East,2024-02-28,111.75,31,4263996243448614,672
13958,PROD-066,North,2024-02-29,83.76,5,7003453849864789,633
10955,PROD-091,East,2024-02-29,465.58,60,5536463764020581,470
11112,PROD-080,Central,2024-02-29,215.62,82,8996764940426951,527
13725,PROD-056,Central,2024-02-29,275.27,85,5603963419287268,871
14321,PROD-024,North,2024-02-29,130.64,96,4340269954507677,432
11269,PROD-008,Central,2024-03-01,462.09,51,3945405903216641,405
10463,PROD-055,West,2024-03-01,337.88,90,2346726301856955,778
10838,PROD-032,West,2024-03-01,485.08,93,5665121767521922,277
13337,PROD-099,Central,2024-03-01,357.35,24,4514314188707328,851
11547,PROD-011,Central,2024-03-01,416.91,70,4171918974893705,116
12546,PROD-070,North,2024-03-02,103.23,84,2998644234644011,540
10357,PROD-050,East,2024-03-02,295.1,82,5672107870697537,753
11830,PROD-050,North,2024-03-02,154.9,62,8900374221939828,335
11309,PROD-009,East,2024-03-02,326.58,100,1567551545930832,630
13971,PROD-070,Central,2024-03-03,316.48,35,4588429128099833,436
13048,PROD-093,East,2024-03-03,497.74,92,2343521150598894,120
11506,PROD-019,Central,2024-03-03,485.7,43,3876076154503222,222
11246,PROD-099,South,2024-03-04,476.58,48,3070664209507522,965
12235,PROD-054,East,2024-03-04,383.12,62,3168484350050722,297
13313,PROD-038,Central,2024-03-04,333.11,23,7422760820365524,119
14850,PROD-041,Central,2024-03-05,78.59,50,2474492553005671,190
10347,PROD-069,East,2024-03-05,39.73,65,7274532238625104,564
14737,PROD-082,South,2024-03-05,79.27,25,3506080852665687,103
11912,PROD-061,West,2024-03-05,270.35,13,4190339408729370,814
14450,PROD-040,South,2024-03-05,460.89,56,6696535146964982,739
13063,PROD-016,Central,2024-03-05,212.14,12,5803652357849318,690
13249,PROD-094,East,2024-03-05,189.29,48,5377382584742590,231
11255,PROD-010,North,2024-03-05,307.79,10,1487254910624486,866
13495,PROD-081,West,2024-03-06,239.74,74,1079751154511433,834
10133,PROD-022,North,2024-03-06,377.32,17,2773117235473356,712
10863,PROD-054,North,2024-03-06,208.93,22,5631790506130084,568
14469,PROD-065,South,2024-03-06,468.99,4,5645764573658379,193
14702,PROD-090,Central,2024-03-06,384.88,54,6422896763273587,102
12770,PROD-066,West,2024-03-06,468.62,38,3741149206516210,690
10265,PROD-002,South,2024-03-07,454.69,41,2262327178458519,272
13110,PROD-061,East,2024-03-07,300.25,86,4442213579516321,958
10945,PROD-079,East,2024-03-07,390.77,9,1210741720942415,826
10460,PROD-065,Central,2024-03-08,231.31,19,7917107828692100,299
13870,PROD-044,East,2024-03-08,368.68,19,7143568489561232,962
13574,PROD-047,East,2024-03-08,392.94,53,4393366138013885,324
12804,PROD-082,East,2024-03-08,361.5,37,4215669320398550,377
13890,PROD-033,East,2024-03-08,137.27,75,2404550638830312,892
14818,PROD-073,North,2024-03-08,265.83,23,7021684763620548,286
10444,PROD-071,Central,2024-03-09,435.73,37,7840556198219139,260
11278,PROD-049,North,2024-03-09,367.73,36,3560895404391607,856
12249,PROD-020,South,2024-03-09,243.28,90,2629046276687162,404
12130,PROD-001,South,2024-03-09,54.46,20,7153533042526972,988
14897,PROD-008,North,2024-03-09,243.91,49,1262773419498511,677
10826,PROD-081,East,2024-03-09,455.39,15,4111015455758488,658
12440,PROD-033,Central,2024-03-09,37.57,86,3797043120350195,684
12960,PROD-086,West,2024-03-09,129.05,15,3297428970143911,631
14687,PROD-057,Central,2024-03-09,263.31,63,2869591907679016,335
12141,PROD-013,South,2024-03-09,153.47,21,7444896403830190,845
13335,PROD-051,Central,2024-03-10,386.62,30,2117665407945223,210
12433,PROD-062,West,2024-03-10,23.64,69,7838756913272748,364
12628,PROD-011,South,2024-03-10,29.25,56,7465472266850931,755
11162,PROD-005,Central,2024-03-10,373.72,36,7271430635837598,532
11713,PROD-077,North,2024-03-10,346.77,8,1113858029893846,458
10676,PROD-001,South,2024-03-10,80.08,35,2881366137760631,258
14779,PROD-001,East,2024-03-10,368.11,14,8901230323208307,975
14231,PROD-041,East,2024-03-11,205.34,85,7533204008191662,709
10744,PROD-034,South,2024-03-11,28.51,56,3310985500338472,120
14217,PROD-022,East,2024-03-11,141.78,50,6069625124874765,954
10954,PROD-086,North,2024-03-11,282.17,48,7525916073788384,458
10316,PROD-072,East,2024-03-11,267.86,31,3698616991261685,171
10054,PROD-066,West,2024-03-11,299.35,3,3918647589931169,506
11745,PROD-089,East,2024-03-11,201.83,83,4656423352139105,506
10984,PROD-095,Central,2024-03-12,455.17,99,2223889030642626,437
14867,PROD-003,South,2024-03-12,67.67,95,4535652717021202,880
11073,PROD-077,North,2024-03-12,141.37,2,4497096193437132,340
10229,PROD-040,West,2024-03-12,10.24,13,5943523146479947,749
10922,PROD-082,North,2024-03-12,449.83,90,4606611536456637,838
10273,PROD-099,East,2024-03-12,204.36,94,8878184261897365,235
12977,PROD-050,Central,2024-03-12,56.73,58,3103105518194067,203
10760,PROD-073,South,2024-03-12,102.31,80,7060563242281487,292
14561,PROD-000,South,2024-03-13,480.5,52,2806257431278223,148
12027,PROD-039,South,2024-03-13,441.96,53,2512373698892586,147
12890,PROD-023,Central,2024-03-13,174.78,98,3850522529326046,618
14495,PROD-020,East,2024-03-13,443.27,91,2052942296091723,801
13666,PROD-005,West,2024-03-14,16.4,45,5714066757949297,366
10151,PROD-046,West,2024-03-14,170.49,2,3235840874352949,776
10004,PROD-029,East,2024-03-14,60.9,72,1678680895573788,155
10069,PROD-062,Central,2024-03-14,182.47,10,3053035374374039,816
14891,PROD-086,East,2024-03-14,92.37,18,4960209059412750,160
14421,PROD-020,Central,2024-03-15,390.25,46,8174629919111026,188
12582,PROD-044,East,2024-03-15,206.41,37,8750526444621602,270
10243,PROD-030,West,2024-03-15,32.75,51,8322299384557147,440
10645,PROD-052,South,2024-03-15,172.29,48,1689268056772943,642
10075,PROD-068,North,2024-03-15,431.91,89,4760927745940553,597
11795,PROD-097,West,2024-03-15,205.22,38,6230034148699293,754
12061,PROD-023,South,2024-03-16,255.4,45,8998306697345077,612
11148,PROD-011,East,2024-03-16,99.65,88,1476381294539671,497
14209,PROD-066,South,2024-03-16,356.54,38,1450900473755316,414
10142,PROD-045,South,2024-03-16,174.32,78,8688697168259770,529
10180,PROD-062,South,2024-03-17,338.09,60,6276557049768469,944
14247,PROD-087,South,2024-03-17,425.38,24,8872110155839221,324
12958,PROD-078,North,2024-03-18,424.8,37,1736330001731153,991
12793,PROD-038,Central,2024-03-18,99.65,30,6919966099907289,413
12934,PROD-028,North,2024-03-18,289.62,58,2000931812544879,176
10640,PROD-030,North,2024-03-18,372.91,21,3895352644948523,570
14086,PROD-036,South,2024-03-18,80.59,37,3067121437480796,753
10254,PROD-022,South,2024-03-19,238.36,90,3930844647798994,483
14251,PROD-050,Central,2024-03-19,263.27,86,7861377401059103,561
10384,PROD-085,South,2024-03-20,327.04,52,5053306777145200,112
10848,PROD-068,East,2024-03-20,190.52,15,2921969128313876,821
12010,PROD-013,North,2024-03-20,316.12,100,8329612855733748,463
14951,PROD-085,South,2024-03-20,27.38,50,5279582777304665,150
11941,PROD-036,West,2024-03-20,473.15,59,8131746793029503,491
12606,PROD-073,South,2024-03-20,399.74,45,6428237479755729,868
10899,PROD-092,South,2024-03-21,344.47,78,8344586516789404,761
10752,PROD-040,South,2024-03-21,248.59,88,3236239220815130,310
13752,PROD-003,South,2024-03-21,45.0,61,2448550205563145,857
12490,PROD-099,South,2024-03-21,224.98,14,7315394915345855,507
12994,PROD-060,South,2024-03-22,158.69,81,5296932185532513,712
13560,PROD-019,Central,2024-03-22,30.74,1,2801755360270763,163
13795,PROD-096,Central,2024-03-23,101.45,15,6530832333366091,538
12717,PROD-007,North,2024-03-23,466.26,54,2985178230628003,902
10930,PROD-018,North,2024-03-23,440.11,22,4379050052730575,751
11365,PROD-059,West,2024-03-23,271.95,62,6488754044181531,129
10537,PROD-099,Central,2024-03-23,157.76,5,2504678661490629,684
10232,PROD-043,West,2024-03-24,445.63,59,7835574946106478,556
10614,PROD-014,East,2024-03-24,325.84,17,4032067229403759,226
14494,PROD-085,East,2024-03-24,199.14,55,7177707729081699,644
10364,PROD-060,East,2024-03-24,30.04,62,5390118926977975,777
11493,PROD-010,East,2024-03-24,462.43,33,1168029102334116,330
11673,PROD-078,Central,2024-03-25,296.49,59,7629005763986956,951
11765,PROD-007,East,2024-03-25,376.94,100,4917422696988527,943
13294,PROD-039,West,2024-03-25,366.54,43,2872857176101639,740
10321,PROD-083,Central,2024-03-26,435.86,12,3161684535379847,417
11812,PROD-013,West,2024-03-26,164.36,48,2071345222143324,135
10908,PROD-086,North,2024-03-26,48.02,14,1709502116614841,353
13663,PROD-051,Central,2024-03-26,392.09,74,8047585039456387,255
14658,PROD-081,East,2024-03-27,407.65,21,6981954992907955,444
12122,PROD-055,Central,2024-03-27,95.82,54,4557006954107267,970
13791,PROD-036,North,2024-03-27,339.63,14,5442077151439821,975
11442,PROD-024,West,2024-03-27,117.09,93,7737361676955218,586
12590,PROD-039,North,2024-03-27,456.18,79,2991010571676905,199
10227,PROD-075,West,2024-03-28,292.23,55,4144769919814075,812
14255,PROD-094,Central,2024-03-28,452.69,65,1607627020199057,660
10774,PROD-059,North,2024-03-28,240.07,18,2514120383272077,185
10613,PROD-036,West,2024-03-28,161.22,13,1680931340601692,693
12564,PROD-002,Central,2024-03-28,129.07,80,8054512920487556,900
12621,PROD-001,West,2024-03-28,267.09,13,5562845186511143,219
10481,PROD-042,South,2024-03-29,68.58,73,6139510636583596,234
13535,PROD-061,North,2024-03-29,157.41,73,6355613630805378,659
12203,PROD-093,Central,2024-03-29,441.15,87,4343030376059402,655
10041,PROD-001,East,2024-03-29,477.45,21,8579633671178971,544
11517,PROD-033,West,2024-03-29,485.4,17,2074534201029682,829
12952,PROD-061,North,2024-03-29,77.11,79,3572747554731517,268
14972,PROD-092,North,2024-03-29,168.89,76,6730868635257110,662
11199,PROD-054,East,2024-03-29,64.93,13,6736760940896405,526
10595,PROD-072,East,2024-03-29,260.5,72,3682218335067941,721
11925,PROD-036,North,2024-03-30,276.0,84,5058760543192996,299
12096,PROD-064,North,2024-03-30,347.8,20,6720526789958167,644
14522,PROD-042,West,2024-03-31,77.78,21,7112582418080041,393
14041,PROD-036,West,2024-03-31,124.77,82,7978595371428934,209
14581,PROD-068,East,2024-03-31,484.14,13,2370674272738105,956
11288,PROD-010,East,2024-03-31,148.17,41,5243785850124265,113
12866,PROD-083,South,2024-03-31,14.83,69,7646986612516709,433
14072,PROD-090,West,2024-04-01,39.8,49,3473663466271074,329
14148,PROD-086,Central,2024-04-01,243.04,42,8831302390558930,344
11831,PROD-088,South,2024-04-02,259.63,48,1695141513851832,250
12119,PROD-094,West,2024-04-02,70.86,92,1791409210492394,860
12881,PROD-008,North,2024-04-02,192.99,90,3088018342244386,902
11979,PROD-043,West,2024-04-02,382.34,49,1564890914868066,633
14639,PROD-014,Central,2024-04-02,396.1,54,2709195594903382,965
11653,PROD-027,South,2024-04-03,56.46,39,2432870813275896,695
12136,PROD-070,Central,2024-04-03,232.57,7,8446715470937711,779
13790,PROD-081,North,2024-04-03,419.44,83,5044767170692179,269
10368,PROD-069,West,2024-04-03,331.42,18,8859415773709725,805
13761,PROD-049,North,2024-04-03,160.18,37,6728541770834468,952
10939,PROD-075,East,2024-04-03,247.52,62,7723418228440870,116
12816,PROD-034,North,2024-04-04,349.33,30,7976631406359903,600
11725,PROD-039,East,2024-04-04,223.01,95,5195414303799103,561
11518,PROD-041,South,2024-04-04,221.19,28,7298210904364999,150
14875,PROD-066,Central,2024-04-04,24.39,20,4606294728636287,289
12462,PROD-002,East,2024-04-05,443.08,45,5921318392372956,614
14243,PROD-069,West,2024-04-05,473.97,55,1089739878083612,583
10255,PROD-077,Central,2024-04-05,493.65,4,3724399611713646,247
14439,PROD-034,North,2024-04-05,59.82,26,1275271572835939,434
10997,PROD-012,Central,2024-04-05,227.36,25,4058453594868939,505
14210,PROD-093,Central,2024-04-05,188.71,41,2053477206103140,506
12001,PROD-097,South,2024-04-05,398.88,84,4901183509433845,243
10755,PROD-085,West,2024-04-06,205.75,93,7231758557507332,213
13533,PROD-017,West,2024-04-06,182.23,13,7647339822743387,268
11043,PROD-000,South,2024-04-06,187.67,89,7743085918506022,977
14377,PROD-050,East,2024-04-07,347.2,13,3435461966578294,210
13671,PROD-025,North,2024-04-07,128.87,71,7270372573440942,357
13483,PROD-086,North,2024-04-07,115.44,67,1988831555127211,254
10856,PROD-056,North,2024-04-07,20.36,70,4510166287423583,863
13149,PROD-043,South,2024-04-07,21.7,26,8158608756559481,361
10897,PROD-028,North,2024-04-07,332.19,44,1181651055162187,500
12859,PROD-015,West,2024-04-07,65.28,23,8138649714237938,491
10389,PROD-060,Central,2024-04-07,151.37,62,6952278399958712,678
13515,PROD-053,West,2024-04-08,311.83,7,7866490006654365,388
13028,PROD-018,Central,2024-04-08,242.18,53,5216796108318305,977
14448,PROD-017,West,2024-04-08,23.55,40,6639623262912557,356
11335,PROD-047,North,2024-04-08,380.3,36,3508290534212779,117
11179,PROD-034,West,2024-04-08,490.05,29,4727967964552495,594
13035,PROD-098,West,2024-04-08,45.55,8,2642632057965627,601
14021,PROD-075,North,2024-04-08,430.33,49,3988583894691682,411
13677,PROD-044,West,2024-04-09,177.62,74,7983634687671767,360
14107,PROD-054,North,2024-04-09,477.02,74,6867149049586299,198
12755,PROD-041,North,2024-04-09,306.28,42,4661862689694722,583
14156,PROD-006,Central,2024-04-09,344.35,45,5630168913767363,342
10421,PROD-017,North,2024-04-09,318.79,73,5066278876145841,710
13964,PROD-091,South,2024-04-09,321.32,27,3560110499949574,254
10194,PROD-008,West,2024-04-09,395.38,53,1360789183328724,107
12555,PROD-038,Central,2024-04-10,245.46,17,5472774387189963,506
10762,PROD-089,North,2024-04-10,95.67,30,3726282134369668,721
11065,PROD-055,Central,2024-04-10,110.77,56,5992834948850184,307
13882,PROD-036,North,2024-04-10,19.29,20,7610336942155907,416
13194,PROD-033,East,2024-04-11,410.18,100,5314046305342287,186
10601,PROD-064,West,2024-04-11,270.81,72,8111994332659757,461
11422,PROD-019,North,2024-04-11,372.39,100,8647404007229464,735
13393,PROD-030,Central,2024-04-12,299.19,72,5650497647277819,577
11186,PROD-041,West,2024-04-12,47.55,23,6622406826741657,555
10485,PROD-074,Central,2024-04-12,255.41,82,7393887603384335,267
12781,PROD-029,West,2024-04-12,379.19,89,8235464747611246,275
12042,PROD-096,South,2024-04-12,478.46,99,3221991538269860,451
13371,PROD-000,West,2024-04-12,470.96,28,7580581421392080,605
10602,PROD-044,Central,2024-04-12,312.62,35,5206911881213233,610
11957,PROD-062,Central,2024-04-13,180.65,76,4676394151198452,280
13151,PROD-034,South,2024-04-13,493.81,20,7880813928743052,234
12382,PROD-091,West,2024-04-13,370.44,47,5432773347215905,523
10895,PROD-078,North,2024-04-14,163.15,18,6463079565606151,727
13289,PROD-068,West,2024-04-14,418.81,49,3639451896150008,935
12277,PROD-066,South,2024-04-14,185.58,93,1527224901524148,731
13959,PROD-054,South,2024-04-14,73.17,41,5578417774816690,973
14026,PROD-003,Central,2024-04-15,284.63,34,5727732800218860,768
12811,PROD-071,Central,2024-04-15,480.88,2,8293675750507358,916
12332,PROD-058,West,2024-04-15,261.92,19,1181683215945310,405
11259,PROD-074,North,2024-04-15,298.05,85,2095714012128902,491
12662,PROD-048,East,2024-04-16,128.33,36,4732257769395250,916
12128,PROD-004,South,2024-04-16,167.38,35,7324636607777651,925
12728,PROD-020,North,2024-04-16,123.68,98,1528042723471931,585
12501,PROD-057,North,2024-04-16,370.32,8,1681469399081551,239
14238,PROD-041,Central,2024-04-16,475.05,47,5479620508301228,180
12442,PROD-087,East,2024-04-16,449.11,63,8804208983465396,288
13672,PROD-007,Central,2024-04-16,111.54,30,4669631387578261,271
13395,PROD-013,North,2024-04-17,370.6,41,2429369161163753,383
11555,PROD-069,South,2024-04-17,404.46,20,3194218885692380,389
14782,PROD-076,East,2024-04-17,443.38,48,1774379559283093,217
11682,PROD-069,North,2024-04-18,419.77,13,3880312342038114,236
12386,PROD-095,North,2024-04-18,247.92,79,8790210116280967,583
10168,PROD-095,Central,2024-04-18,64.65,22,4305898624177023,566
13681,PROD-027,Central,2024-04-18,326.4,18,2276143934380283,346
14716,PROD-001,South,2024-04-18,355.51,8,7929629754491854,960
12646,PROD-095,North,2024-04-18,276.57,38,7534127578117958,323
13984,PROD-033,West,2024-04-19,337.24,48,6605546702896155,609
10962,PROD-043,South,2024-04-19,302.09,5,4451268536018930,140
11668,PROD-058,South,2024-04-19,60.51,23,1639370686858219,455
12133,PROD-012,West,2024-04-19,473.14,36,6927261578278538,307
11840,PROD-029,Central,2024-04-19,76.33,95,4095841212187423,704
11710,PROD-066,South,2024-04-20,257.91,84,7897511794393422,309
11005,PROD-077,North,2024-04-20,469.03,15,3681114687419336,967
10612,PROD-072,North,2024-04-20,38.89,71,7618525859926232,818
10807,PROD-016,Central,2024-04-20,39.22,65,5604603131860828,831
12166,PROD-092,South,2024-04-20,202.94,68,8540125552436245,356
10446,PROD-056,Central,2024-04-21,496.71,97,2488100589595297,630
11962,PROD-058,South,2024-04-21,149.85,78,2405424536788910,398
12659,PROD-064,East,2024-04-21,156.27,90,4763153438371074,922
13809,PROD-076,Central,2024-04-22,297.72,63,4568860896565703,588
14462,PROD-031,South,2024-04-22,454.42,3,8197431312835558,952
14475,PROD-080,South,2024-04-22,20.48,21,8052413271978020,478
12313,PROD-077,North,2024-04-22,241.07,97,1828075111250977,311
13355,PROD-011,South,2024-04-22,188.8,6,3190162269289289,406
10464,PROD-093,North,2024-04-22,33.53,69,1446075191085013,651
12685,PROD-054,East,2024-04-22,176.92,71,8322188530220700,755
11230,PROD-024,North,2024-04-23,22.76,29,3273036362112044,613
10026,PROD-061,North,2024-04-23,190.42,63,5986104527733460,225
11885,PROD-092,North,2024-04-23,208.78,31,5549645563631753,909
13261,PROD-069,South,2024-04-24,98.2,86,8575918365726876,679
11194,PROD-098,East,2024-04-25,447.06,85,3457975738325017,860
11790,PROD-037,West,2024-04-25,311.53,98,7159268728466407,895
14480,PROD-071,East,2024-04-25,440.2,56,6087498639248173,155
10157,PROD-012,South,2024-04-26,118.7,35,5630891921785475,602
13966,PROD-013,East,2024-04-26,482.47,82,7515668254769709,466
13176,PROD-067,Central,2024-04-26,246.0,37,8003341618421613,575
14051,PROD-009,East,2024-04-26,341.92,74,6274027278064555,904
13139,PROD-095,Central,2024-04-26,382.04,11,5651344810539019,844
12898,PROD-030,North,2024-04-26,163.49,66,5774587983029671,678
11983,PROD-027,North,2024-04-26,274.03,60,3063490294889286,361
11937,PROD-026,East,2024-04-26,171.52,53,8179609599382463,453
11154,PROD-075,South,2024-04-27,90.62,43,7894331294730374,371
13648,PROD-088,North,2024-04-27,239.5,88,6105746545405021,519
14233,PROD-085,East,2024-04-27,26.67,24,8882549327226340,619
14388,PROD-083,North,2024-04-27,399.39,12,4128255939221007,737
10346,PROD-055,East,2024-04-27,384.64,21,3429798804967884,664
12484,PROD-078,West,2024-04-28,253.22,68,3520557991696675,630
14117,PROD-093,Central,2024-04-28,99.97,10,6396113657491452,130
12847,PROD-003,South,2024-04-28,404.75,41,7044479029308418,849
14826,PROD-081,East,2024-04-29,455.73,53,3558170087991390,527
12887,PROD-012,East,2024-04-29,492.85,14,7462929479173525,396
14980,PROD-068,South,2024-04-29,117.13,23,5703873012099420,349
14876,PROD-063,West,2024-04-29,80.21,17,3425752840708387,301
11821,PROD-098,North,2024-04-29,343.95,59,6207427755601220,954
14630,PROD-030,North,2024-04-29,266.33,17,1889436488854251,141
10518,PROD-069,Central,2024-04-30,470.41,83,7321801329160589,222
13740,PROD-017,North,2024-04-30,491.93,24,5815186011222974,424
13378,PROD-074,South,2024-04-30,369.45,32,4401738652481256,434
14202,PROD-082,West,2024-04-30,215.56,42,7491362806300072,740
13253,PROD-090,West,2024-04-30,394.29,57,5811167897590090,374
13644,PROD-031,East,2024-04-30,361.84,42,6085482413245845,787
10155,PROD-041,North,2024-05-01,355.23,99,1602423262092342,263
11413,PROD-019,South,2024-05-01,37.24,65,4554445621939631,827
10021,PROD-025,South,2024-05-01,133.68,78,3306478542941333,121
14731,PROD-014,North,2024-05-01,396.84,72,3627358294039029,170
14380,PROD-077,North,2024-05-02,447.22,24,2237699830487863,406
14851,PROD-083,Central,2024-05-02,450.18,35,4645682286233712,289
13624,PROD-055,North,2024-05-02,414.86,100,2034272885968156,359
10338,PROD-098,South,2024-05-02,192.05,54,6271126365439081,853
10478,PROD-040,West,2024-05-02,415.22,54,5739382177239643,352
14211,PROD-053,West,2024-05-03,77.39,59,3349405430372172,402
14603,PROD-010,North,2024-05-04,118.14,55,1606476029049634,569
11039,PROD-053,Central,2024-05-04,198.86,61,1524424156065191,538
13174,PROD-074,North,2024-05-04,214.97,23,8495964542871972,594
14282,PROD-068,North,2024-05-04,161.61,70,5172676640734225,899
13796,PROD-090,North,2024-05-04,166.73,70,6168895260344631,182
10317,PROD-056,Central,2024-05-04,451.36,74,2840614866975781,470
13156,PROD-001,Central,2024-05-05,498.27,80,2356898692414853,779
11479,PROD-041,East,2024-05-05,40.64,22,2616540929211972,202
14773,PROD-061,South,2024-05-05,24.23,74,3910556547522934,887
10154,PROD-016,West,2024-05-05,60.64,82,5606074051797225,807
10158,PROD-051,South,2024-05-05,460.41,99,7138705354439104,108
14977,PROD-001,North,2024-05-05,367.9,26,3445965747960249,464
12146,PROD-006,Central,2024-05-06,263.22,76,1799661624553588,344
13525,PROD-016,South,2024-05-06,95.7,90,6499585227221505,748
14374,PROD-005,West,2024-05-06,39.18,14,1236187124404050,929
10773,PROD-079,South,2024-05-06,65.55,68,3554317466620624,887
12883,PROD-081,Central,2024-05-06,147.91,35,6443303011142557,485
10753,PROD-075,North,2024-05-07,353.4,9,7702070418037066,366
12969,PROD-094,West,2024-05-07,283.62,40,4967787080493263,845
13307,PROD-000,South,2024-05-07,386.46,10,7312498031930503,977
11936,PROD-075,West,2024-05-07,108.12,64,5657981247330139,183
13924,PROD-005,East,2024-05-07,218.29,3,8805335397537348,550
14201,PROD-058,West,2024-05-07,144.8,12,3010675923162016,269
14266,PROD-050,South,2024-05-08,349.77,42,2435585034870091,982
11466,PROD-088,Central,2024-05-08,134.59,38,1392872399442355,809
10507,PROD-060,West,2024-05-08,311.36,36,6650050260692930,303
12419,PROD-065,South,2024-05-09,468.37,31,1714287892356256,913
14660,PROD-037,West,2024-05-09,256.16,5,3070385766049690,319
13461,PROD-033,North,2024-05-09,200.53,63,8932259581839752,244
11492,PROD-024,North,2024-05-10,307.53,88,2176198604975282,535
14659,PROD-070,West,2024-05-10,262.93,67,1037645833679808,325
12421,PROD-092,Central,2024-05-11,237.29,57,7401468454774286,184
11733,PROD-025,North,2024-05-11,432.62,56,1846271504057495,622
10627,PROD-046,East,2024-05-11,14.39,80,7253608027953062,247
12087,PROD-020,West,2024-05-11,447.41,98,7878899922088549,703
13939,PROD-007,West,2024-05-12,28.96,13,1549460484121458,972
12159,PROD-001,East,2024-05-12,115.69,26,3164490004427290,205
11637,PROD-034,East,2024-05-13,407.26,47,1744314515946818,754
14819,PROD-011,West,2024-05-14,420.48,32,5507799063241458,864
13352,PROD-009,North,2024-05-14,378.46,2,1567136961568578,774
14680,PROD-088,West,2024-05-14,66.8,69,5522711380451108,375
11883,PROD-076,West,2024-05-14,482.65,51,2828381399210184,581
13466,PROD-069,North,2024-05-14,414.15,100,2324080772423796,504
11245,PROD-056,Central,2024-05-14,127.21,94,4360059550688581,801
11258,PROD-069,North,2024-05-15,89.07,18,4258535878947013,919
11353,PROD-083,West,2024-05-15,468.22,44,1203448804366213,631
13152,PROD-030,Central,2024-05-15,127.0,91,8568669626120850,423
12121,PROD-007,North,2024-05-15,453.5,43,5494772978322230,618
12349,PROD-008,North,2024-05-15,436.2,57,6253025727602542,978
13757,PROD-095,North,2024-05-15,35.96,55,6429341029876783,215
11357,PROD-099,Central,2024-05-16,262.43,37,1958288238441396,335
14245,PROD-075,South,2024-05-16,217.13,95,3432371603385517,736
14441,PROD-082,East,2024-05-16,78.8,47,6405269461761666,377
11225,PROD-039,North,2024-05-16,400.34,11,5794494927988217,726
10322,PROD-056,Central,2024-05-16,499.52,52,7195847585222687,174
11731,PROD-022,East,2024-05-17,254.94,61,2428503171260746,270
10836,PROD-075,Central,2024-05-17,19.2,5,5774808970182326,988
14379,PROD-084,South,2024-05-17,446.42,15,4447297352063985,102
14803,PROD-001,West,2024-05-17,378.77,43,5429296434879081,732
11573,PROD-050,Central,2024-05-18,139.11,25,1150687100516248,689
10791,PROD-047,North,2024-05-18,311.93,15,6544575376801029,916
13783,PROD-057,Central,2024-05-18,487.67,67,3116992497778546,224
12328,PROD-061,West,2024-05-18,271.88,7,3901544235831699,473
12215,PROD-004,Central,2024-05-19,275.24,51,1343201982124293,786
13093,PROD-008,West,2024-05-19,300.05,14,4677070392778856,973
14486,PROD-001,West,2024-05-19,240.61,4,5174065888204673,529
13970,PROD-020,North,2024-05-20,103.96,100,1378647771210111,426
14521,PROD-011,West,2024-05-20,401.52,66,4666278292733448,570
11098,PROD-082,North,2024-05-21,89.31,73,2526252592609483,173
12626,PROD-065,South,2024-05-21,482.19,30,4460984209541866,458
12565,PROD-092,South,2024-05-22,274.99,48,8978421421986717,643
14565,PROD-048,Central,2024-05-22,280.77,67,8827034064498249,455
13780,PROD-021,East,2024-05-22,378.82,29,3539834024714308,124
11864,PROD-022,South,2024-05-23,343.86,91,3798126264727642,216
11132,PROD-075,Central,2024-05-23,469.08,21,5233659839026107,572
12492,PROD-060,Central,2024-05-23,30.41,26,7860215234688960,615
10749,PROD-053,West,2024-05-23,412.51,26,1996594563588569,563
11984,PROD-061,Central,2024-05-23,347.07,47,2645371889096039,845
11085,PROD-071,East,2024-05-23,331.95,16,5210851559352286,772
12319,PROD-009,Central,2024-05-24,237.3,50,3601451460587172,825
14834,PROD-096,West,2024-05-24,183.64,39,2461959321259434,497
10469,PROD-073,East,2024-05-24,209.3,82,2636944145342763,155
12603,PROD-058,Central,2024-05-24,228.56,1,4758732368230084,601
12711,PROD-095,Central,2024-05-24,499.62,82,1142834884056662,774
11103,PROD-075,South,2024-05-24,198.83,92,7364175956568718,324
10033,PROD-023,South,2024-05-25,117.74,49,6596690443238247,217
13621,PROD-038,West,2024-05-25,234.3,44,8423798361789373,388
13978,PROD-023,East,2024-05-25,466.14,46,3179710516856477,596
10673,PROD-080,North,2024-05-25,377.49,63,7844512473781565,811
11241,PROD-043,North,2024-05-26,162.66,23,1335879686002495,807
12436,PROD-010,West,2024-05-26,49.42,11,4954267374393508,249
11952,PROD-071,West,2024-05-26,12.98,96,6275761760079481,139
14063,PROD-094,Central,2024-05-26,259.65,85,6037151208441742,926
11860,PROD-084,South,2024-05-26,396.56,96,8834236869745003,259
13164,PROD-034,East,2024-05-26,58.33,59,2146391932081564,324
12840,PROD-062,South,2024-05-26,410.54,88,3130337071822181,205
13187,PROD-012,West,2024-05-26,37.85,64,4941999882025959,972
11989,PROD-061,Central,2024-05-26,214.82,3,4848700531242526,672
14562,PROD-078,West,2024-05-26,351.79,10,5669200445249190,859
13568,PROD-024,North,2024-05-26,182.69,33,6156194208674545,528
10498,PROD-089,Central,2024-05-27,76.84,23,4529299150680939,259
14691,PROD-094,South,2024-05-27,470.86,97,3785963199168295,740
11387,PROD-077,East,2024-05-27,88.94,85,4997681303103207,200
14164,PROD-002,North,2024-05-27,224.53,49,8794808583339268,364
12503,PROD-081,West,2024-05-27,101.58,80,5751161286869739,681
10023,PROD-057,East,2024-05-27,236.65,22,3795806780881713,857
13912,PROD-015,Central,2024-05-27,199.37,12,8507708316338933,624
11420,PROD-021,East,2024-05-27,397.2,16,3361947296059109,935
11678,PROD-093,South,2024-05-27,276.56,82,1688694110032133,803
13594,PROD-006,North,2024-05-28,475.48,6,1407648057976164,246
10835,PROD-086,North,2024-05-28,443.67,67,8799311696230145,706
13329,PROD-001,Central,2024-05-28,222.84,70,5728216227016365,224
12821,PROD-086,West,2024-05-28,123.9,81,4124196765466685,530
14963,PROD-085,West,2024-05-28,308.21,73,7566221899160674,683
14227,PROD-069,South,2024-05-29,354.57,90,7560998293008957,982
12784,PROD-062,Central,2024-05-29,62.65,19,5159101763974356,777
10936,PROD-056,North,2024-05-29,348.03,19,5429311499549873,299
13024,PROD-024,North,2024-05-30,234.09,91,8947251620247021,983
10094,PROD-092,West,2024-05-31,133.43,71,4253915591653150,582
12056,PROD-091,West,2024-05-31,295.94,99,4463522360133689,230
11822,PROD-077,East,2024-05-31,111.08,93,8587390060516841,843
11753,PROD-099,West,2024-05-31,406.68,95,6349520291064889,696
12719,PROD-013,West,2024-05-31,187.49,52,3540103515252697,221
11426,PROD-080,South,2024-06-01,450.14,38,2589921112261509,366
10387,PROD-016,Central,2024-06-01,263.1,58,6843982477672203,515
11198,PROD-046,Central,2024-06-01,43.23,76,4236082786695422,433
10884,PROD-018,East,2024-06-01,425.54,56,4388488485246473,732
10267,PROD-028,West,2024-06-01,151.65,34,4894903562343311,340
13669,PROD-045,South,2024-06-01,475.1,93,8828852330634982,348
13404,PROD-083,West,2024-06-02,108.48,34,1033607980568065,682
12722,PROD-069,North,2024-06-02,388.69,64,6167481703389256,918
10591,PROD-079,Central,2024-06-02,260.75,79,4754167789620716,855
13726,PROD-097,West,2024-06-02,336.84,67,2216229850837261,108
14126,PROD-041,Central,2024-06-02,329.97,70,6653457194456817,764
10012,PROD-013,West,2024-06-02,429.34,93,8488415658972443,955
13968,PROD-069,West,2024-06-02,284.77,58,8290097165883349,487
10363,PROD-040,East,2024-06-02,260.37,2,6666805419298699,949
10976,PROD-060,North,2024-06-03,421.59,10,1043925276562765,845
12865,PROD-071,West,2024-06-03,409.84,32,8936390189738776,120
13068,PROD-099,West,2024-06-03,458.97,88,7539428540463220,635
11464,PROD-068,West,2024-06-04,263.81,37,8517533811709276,178
11455,PROD-093,Central,2024-06-04,64.95,89,1054548014500905,292
10134,PROD-002,West,2024-06-04,248.83,14,3039729070279521,673
11250,PROD-052,North,2024-06-05,443.08,50,3945841551379357,393
11700,PROD-019,South,2024-06-05,469.7,44,8878619131956746,680
10662,PROD-052,South,2024-06-05,204.82,100,8691685814781768,551
12930,PROD-018,South,2024-06-05,137.59,83,7054149989993845,606
12443,PROD-015,North,2024-06-05,457.74,1,3393383161860353,495
14452,PROD-003,East,2024-06-06,262.95,40,5421475784399558,187
12601,PROD-032,West,2024-06-06,275.79,76,5261460973298022,325
13877,PROD-087,East,2024-06-07,172.81,95,2827672871731506,929
10815,PROD-079,East,2024-06-07,358.0,69,4377314871214496,574
13276,PROD-069,East,2024-06-07,391.08,82,1380982625002454,265
12945,PROD-080,Central,2024-06-07,439.45,88,5964139629628161,238
11862,PROD-084,Central,2024-06-07,212.0,79,3213762478288999,884
11149,PROD-029,North,2024-06-07,176.46,8,5230716950266778,787
14662,PROD-091,North,2024-06-07,89.91,59,3473278710651878,843
11057,PROD-020,South,2024-06-08,13.98,53,2215511936415575,414
12623,PROD-023,South,2024-06-08,226.9,77,1057988038358462,465
10788,PROD-078,East,2024-06-08,44.57,75,4103739127526763,758
14721,PROD-099,Central,2024-06-08,430.68,50,4583127600192010,732
10867,PROD-032,Central,2024-06-09,386.58,31,4806292428042626,596
11543,PROD-052,West,2024-06-09,107.67,92,3688151632183065,604
12851,PROD-091,South,2024-06-09,197.23,37,8778524930570565,477
11773,PROD-077,South,2024-06-09,204.6,36,8674185766575186,198
11193,PROD-045,West,2024-06-09,103.35,28,8907326820201847,306
12909,PROD-049,South,2024-06-09,102.29,92,2612323184755897,267
14917,PROD-027,West,2024-06-09,170.24,88,2745424060056008,981
14563,PROD-020,South,2024-06-10,308.52,78,5153614312397023,469
14638,PROD-023,West,2024-06-10,22.77,45,1965522250433011,324
10225,PROD-078,West,2024-06-10,258.02,32,8393969403873505,367
10177,PROD-010,Central,2024-06-11,368.14,99,1757164617099184,101
11063,PROD-023,Central,2024-06-11,291.22,97,7514503500986713,489
13198,PROD-001,East,2024-06-11,88.41,45,6373364565066678,392
11906,PROD-067,North,2024-06-11,372.92,4,1598051852916660,701
13751,PROD-066,North,2024-06-12,395.51,45,2580868847044863,277
11787,PROD-023,South,2024-06-12,280.66,26,7002497249250707,385
12862,PROD-046,Central,2024-06-12,410.11,29,1101929853074129,356
10196,PROD-004,South,2024-06-13,204.74,44,6714642499734858,577
13280,PROD-057,North,2024-06-13,402.1,96,3528773441716211,716
14039,PROD-018,East,2024-06-13,321.71,48,7172887453131719,134
14661,PROD-062,North,2024-06-13,355.69,25,6447606420581746,151
10190,PROD-077,Central,2024-06-13,91.3,59,2723720988471303,399
12544,PROD-024,West,2024-06-14,140.54,28,4176303459041301,329
11711,PROD-067,South,2024-06-14,212.78,39,2553185899414152,538
10929,PROD-055,East,2024-06-14,13.15,89,2950022678334933,277
13103,PROD-032,East,2024-06-15,172.0,48,5727934414667297,620
10778,PROD-042,North,2024-06-15,280.05,87,7097930968947810,246
11818,PROD-076,East,2024-06-16,496.59,46,7116578656664731,799
11933,PROD-039,West,2024-06-16,39.51,15,8008033496997418,722
14940,PROD-000,Central,2024-06-16,388.12,26,4296885044666462,472
14606,PROD-067,South,2024-06-17,436.97,99,3988593140685204,863
10001,PROD-009,North,2024-06-17,244.16,10,5976094477814493,339
14742,PROD-035,South,2024-06-17,14.29,71,2980680308881671,640
10491,PROD-001,South,2024-06-17,406.4,34,7976609483933376,989
12485,PROD-092,North,2024-06-17,273.78,43,6916961083487938,929
10391,PROD-039,West,2024-06-17,352.64,26,8788681183185783,572
10169,PROD-069,Central,2024-06-18,225.12,86,6542082216808556,550
14872,PROD-056,East,2024-06-18,435.24,41,5629028566585616,373
11382,PROD-079,Central,2024-06-18,199.74,47,8218386161390118,141
10250,PROD-056,Central,2024-06-19,315.57,55,3809815775034461,739
14899,PROD-064,Central,2024-06-19,113.93,48,5990620249518664,393
13955,PROD-016,North,2024-06-19,368.16,98,5030196978599704,934
14456,PROD-031,East,2024-06-19,203.3,9,6260191599403470,293
13188,PROD-012,South,2024-06-19,216.59,79,2837326452993005,597
11403,PROD-062,East,2024-06-20,185.4,81,1475904401343934,249
10247,PROD-074,North,2024-06-20,456.54,89,8294685850885289,108
14509,PROD-017,North,2024-06-20,273.59,15,5038895744132974,165
12483,PROD-095,Central,2024-06-20,43.1,13,2194553065927570,213
11001,PROD-043,South,2024-06-21,435.92,49,2599739465367726,232
10388,PROD-024,Central,2024-06-21,269.55,31,7950596490350040,883
12376,PROD-081,West,2024-06-23,291.03,17,5667118083542333,138
12285,PROD-077,West,2024-06-23,480.72,17,7564330129191436,125
11734,PROD-039,Central,2024-06-23,492.8,70,1892130395461073,323
11072,PROD-019,North,2024-06-23,152.86,13,6057865605084222,313
11123,PROD-030,Central,2024-06-23,410.7,54,7923093437095383,529
10006,PROD-019,West,2024-06-23,322.98,61,6672476875391549,193
12929,PROD-010,East,2024-06-24,72.21,100,5520000683634587,381
14612,PROD-010,East,2024-06-24,322.15,33,8976881834653690,176
14192,PROD-099,Central,2024-06-24,90.14,26,6210203810283625,986
12180,PROD-029,West,2024-06-24,208.58,57,2386842987096361,492
12908,PROD-036,East,2024-06-24,281.31,2,7182054737135314,706
11529,PROD-017,South,2024-06-25,354.3,17,2850472973995062,704
11907,PROD-011,East,2024-06-25,363.08,69,6017459341394374,706
11944,PROD-080,North,2024-06-25,264.84,71,1375164072575281,237
11418,PROD-007,West,2024-06-26,476.98,7,7028596818464175,117
13627,PROD-054,North,2024-06-26,257.25,96,6216694933147053,589
10938,PROD-016,Central,2024-06-26,395.01,17,5038590022877849,316
11467,PROD-028,West,2024-06-27,197.76,1,1712988024386550,635
12870,PROD-082,North,2024-06-27,393.67,76,1363619417122838,612
12118,PROD-087,Central,2024-06-27,216.98,38,6407718084645123,933
13625,PROD-006,South,2024-06-27,34.72,94,5034333070836784,793
11532,PROD-091,West,2024-06-28,294.45,54,3708771512174393,703
13465,PROD-070,Central,2024-06-28,436.59,75,4917091005362796,546
10477,PROD-039,North,2024-06-28,496.69,55,2724116043827753,561
10282,PROD-052,East,2024-06-29,358.32,100,7704920135489038,144
11878,PROD-036,North,2024-06-29,264.55,8,7018753503392857,355
10284,PROD-025,North,2024-06-29,124.96,54,3313265510998047,169
13802,PROD-008,South,2024-06-29,148.54,61,7705554813546104,195
12732,PROD-070,South,2024-06-29,134.9,52,2242512390638845,957
14363,PROD-062,Central,2024-06-29,315.92,81,5956381391007288,568
10822,PROD-022,North,2024-06-30,468.08,95,5703131704834189,901
10174,PROD-029,Central,2024-06-30,330.44,15,7494145406528973,849
13366,PROD-008,West,2024-06-30,404.99,48,8432186411700097,123
14618,PROD-087,East,2024-07-01,78.64,35,2665282540683616,363
11489,PROD-087,Central,2024-07-01,362.91,9,5542119491689220,115
13781,PROD-077,South,2024-07-01,376.14,59,6352517733914855,705
13419,PROD-072,East,2024-07-01,350.1,51,1158216474935698,778
14225,PROD-050,South,2024-07-01,221.34,24,8079204730030932,375
12481,PROD-008,East,2024-07-01,268.44,33,5970611003660497,900
11861,PROD-053,East,2024-07-01,329.95,52,3769594656204632,882
11827,PROD-036,North,2024-07-02,190.86,6,3269879370470980,368
12654,PROD-036,East,2024-07-02,155.18,94,5636242062765923,364
14905,PROD-031,West,2024-07-02,195.6,12,8905332935837110,949
14632,PROD-080,North,2024-07-02,265.07,77,8886900532942613,257
10592,PROD-094,East,2024-07-03,145.22,61,8017341216536439,674
10381,PROD-075,South,2024-07-03,361.69,53,3408466271269364,149
13095,PROD-098,East,2024-07-03,19.24,97,5212562870072077,902
11902,PROD-005,South,2024-07-03,108.48,23,7165085973346613,246
13430,PROD-009,North,2024-07-03,63.99,93,2024258234386249,105
10606,PROD-067,South,2024-07-03,239.26,74,3380951855772346,130
13487,PROD-066,West,2024-07-03,367.43,56,5177948707867090,518
13994,PROD-080,West,2024-07-03,234.28,29,8990388592185211,762
12543,PROD-007,Central,2024-07-03,54.11,55,1082758721589672,969
10769,PROD-088,North,2024-07-03,115.09,74,1929412284963682,643
14476,PROD-092,North,2024-07-04,378.18,38,7049182177116289,694
12705,PROD-092,West,2024-07-04,415.86,100,1975244616466309,877
11882,PROD-034,North,2024-07-04,85.47,58,7117877910593424,675
13606,PROD-046,West,2024-07-04,127.59,36,7357189500558572,254
11469,PROD-047,East,2024-07-05,93.17,4,1142686097947395,774
14135,PROD-044,West,2024-07-05,410.28,70,5975171247116314,609
11026,PROD-048,Central,2024-07-06,333.23,35,5555071033399142,486
14571,PROD-022,East,2024-07-06,352.77,71,5321152833276120,157
11180,PROD-095,North,2024-07-06,400.41,14,1752097462976525,471
13496,PROD-058,Central,2024-07-07,451.93,32,8702340354171495,361
14420,PROD-078,West,2024-07-07,358.74,14,6984233221427453,750
11328,PROD-015,South,2024-07-07,288.18,87,2414548265844439,552
14623,PROD-043,North,2024-07-08,464.26,62,2113845686862769,487
12701,PROD-061,Central,2024-07-08,242.17,20,2000770627191342,396
13691,PROD-069,South,2024-07-09,263.15,32,1529133422480899,931
14924,PROD-058,North,2024-07-09,179.4,97,2835685162408496,422
14835,PROD-023,South,2024-07-09,194.8,86,8216341642624903,682
13997,PROD-024,South,2024-07-09,290.41,37,3589476289412489,709
12113,PROD-077,West,2024-07-09,494.1,89,2059483114583852,500
14396,PROD-093,East,2024-07-09,489.14,28,6034250925048352,895
13220,PROD-004,Central,2024-07-09,472.49,90,5354387351212063,326
10163,PROD-010,Central,2024-07-09,193.73,97,8131731763735876,974
11647,PROD-051,East,2024-07-09,311.9,82,3887799682588401,968
11450,PROD-030,West,2024-07-10,480.74,6,8808975346083728,184
12206,PROD-008,East,2024-07-10,304.61,24,5580485897281484,662
11623,PROD-065,Central,2024-07-10,47.1,79,5853020096886345,360
13546,PROD-012,East,2024-07-10,50.55,55,1256406476574357,398
11397,PROD-036,North,2024-07-10,424.78,26,6397738516478224,776
10380,PROD-013,East,2024-07-10,410.26,77,7016948950450948,825
12963,PROD-067,Central,2024-07-10,101.61,60,1914957942520873,496
10805,PROD-048,Central,2024-07-11,138.15,72,7916046984525449,227
10453,PROD-067,West,2024-07-11,407.66,67,3740502925551245,784
10350,PROD-072,West,2024-07-11,478.64,64,8930495266513840,530
12556,PROD-014,West,2024-07-11,95.62,34,5346692905653642,375
10770,PROD-036,North,2024-07-11,146.59,15,8101572191437553,755
12747,PROD-069,Central,2024-07-11,257.54,77,5076099345357114,197
12071,PROD-005,East,2024-07-11,331.78,78,8972958849319502,883
10291,PROD-014,South,2024-07-12,381.91,61,3898225083005656,342
11922,PROD-027,West,2024-07-12,137.34,46,7184023005607107,503
13786,PROD-027,Central,2024-07-12,303.37,71,4438360356602692,708
11237,PROD-054,East,2024-07-12,355.11,40,4609005737113044,683
14762,PROD-056,Central,2024-07-12,306.86,83,3516101736222837,136
13228,PROD-043,North,2024-07-13,454.8,47,8274440575194069,506
11560,PROD-057,East,2024-07-13,398.02,49,7698474095383744,912
14015,PROD-049,Central,2024-07-13,163.51,9,6613595567191556,818
10336,PROD-099,West,2024-07-13,264.98,17,3343127481056711,534
10007,PROD-045,West,2024-07-13,56.5,65,5701455344396750,222
10356,PROD-083,West,2024-07-13,125.59,8,3151508563394498,567
12932,PROD-044,South,2024-07-14,478.55,28,4504807138285116,309
10844,PROD-036,West,2024-07-14,497.18,85,6030421530746858,969
13230,PROD-084,North,2024-07-14,404.28,80,5038504372933254,906
12047,PROD-078,East,2024-07-14,313.45,23,4272754174001766,830
13855,PROD-042,West,2024-07-14,398.67,29,7340674434297305,776
11129,PROD-006,Central,2024-07-14,29.0,5,2454587558925949,882
14131,PROD-044,Central,2024-07-15,448.79,85,2097846387017463,777
12986,PROD-043,East,2024-07-15,332.95,38,5537546644208760,426
10097,PROD-099,West,2024-07-15,158.64,47,1203281765894059,766
10307,PROD-062,Central,2024-07-15,484.48,12,4938926122298760,373
12214,PROD-061,North,2024-07-15,38.99,42,8432076912698055,783
10382,PROD-080,East,2024-07-15,285.87,58,8611365700566156,849
14607,PROD-044,Central,2024-07-16,168.32,59,6880699434277620,220
12265,PROD-011,West,2024-07-16,292.41,71,6999159325271859,763
14171,PROD-006,South,2024-07-16,177.83,71,8440191503321843,922
14370,PROD-010,East,2024-07-16,149.37,10,2731056883954230,574
12073,PROD-066,North,2024-07-17,498.93,85,6247403111717989,624
14730,PROD-009,East,2024-07-17,197.25,91,8522203287630324,665
14248,PROD-092,East,2024-07-17,449.15,17,8009223833213249,706
10804,PROD-078,North,2024-07-17,420.38,70,3680977135133643,366
12774,PROD-047,East,2024-07-17,310.35,5,1906730268122078,165
11260,PROD-000,West,2024-07-18,294.21,77,7087369429970799,840
12895,PROD-003,South,2024-07-18,75.1,5,2060295699681270,854
14199,PROD-000,West,2024-07-18,141.57,89,5912901652038418,183
13589,PROD-097,North,2024-07-19,419.62,42,6664387195789568,327
10864,PROD-099,Central,2024-07-19,174.41,70,7021505626736343,454
11503,PROD-069,North,2024-07-20,169.52,65,8955316274978668,874
11512,PROD-034,Central,2024-07-20,359.24,65,4834946063704837,557
10750,PROD-099,North,2024-07-20,170.72,7,8535269698196640,143
12650,PROD-068,Central,2024-07-20,101.26,66,2368319178621090,869
10327,PROD-020,West,2024-07-20,272.76,39,4715679997395831,977
14588,PROD-085,North,2024-07-20,308.07,15,3800211163273170,142
12956,PROD-092,South,2024-07-21,290.33,64,8892184500437201,737
13665,PROD-041,West,2024-07-21,401.32,30,4111956843219753,717
10700,PROD-023,West,2024-07-21,492.85,24,1056013283428855,177
12231,PROD-034,North,2024-07-22,185.54,41,8275533995161752,423
11992,PROD-077,South,2024-07-22,85.99,49,2657125734155964,896
10476,PROD-044,Central,2024-07-22,188.05,53,3158202820460491,856
13109,PROD-026,East,2024-07-22,314.22,11,4600848055207269,338
12125,PROD-041,West,2024-07-22,422.05,34,3662320395766152,268
10958,PROD-014,West,2024-07-23,287.38,39,4261013130172859,263
11097,PROD-021,Central,2024-07-23,305.8,22,5414166109167860,299
11352,PROD-067,West,2024-07-23,186.45,53,6276479701581842,659
12633,PROD-056,South,2024-07-23,126.08,97,1369939980486455,963
10358,PROD-071,South,2024-07-23,172.1,70,4929837389000912,936
12766,PROD-012,South,2024-07-23,383.71,80,2424849422131517,832
13848,PROD-018,South,2024-07-23,351.89,91,6543906476540690,789
10560,PROD-086,South,2024-07-23,488.81,31,8353995631618931,964
10019,PROD-065,North,2024-07-23,459.51,70,5981596045941735,107
10850,PROD-014,West,2024-07-23,405.82,17,8652750514611181,608
13736,PROD-038,East,2024-07-24,221.28,46,8966227331900658,670
10207,PROD-081,South,2024-07-24,49.25,66,6094712451412622,141
11265,PROD-099,East,2024-07-25,442.92,50,2445382315984127,730
10257,PROD-003,Central,2024-07-25,489.37,2,2577322964856950,100
11185,PROD-033,East,2024-07-25,448.06,25,8797045414474050,713
10166,PROD-049,South,2024-07-26,84.34,15,5924238957493803,341
11370,PROD-051,North,2024-07-26,161.79,10,1978661459645123,275
10527,PROD-047,North,2024-07-26,274.59,83,3786933055584768,722
10429,PROD-092,East,2024-07-26,382.85,37,6111621905375564,385
12168,PROD-088,Central,2024-07-27,370.89,35,2767324040673982,505
10210,PROD-016,South,2024-07-27,39.47,41,2288504640178341,489
10820,PROD-088,North,2024-07-27,95.42,72,5053043202247728,992
10855,PROD-006,South,2024-07-27,133.01,49,5790472876273538,967
11968,PROD-083,South,2024-07-27,226.52,31,5171013015605976,538
14397,PROD-060,North,2024-07-28,169.46,55,5536773244591513,399
10314,PROD-043,East,2024-07-28,275.81,15,1084366138019946,896
11903,PROD-002,West,2024-07-29,111.77,14,1950422656543431,805
13755,PROD-028,West,2024-07-29,311.88,66,6524876199984144,944
12548,PROD-044,Central,2024-07-29,233.48,33,1098905270191419,862
13471,PROD-000,Central,2024-07-29,305.93,2,8989600987171930,168
13807,PROD-023,South,2024-07-29,456.35,79,4749847275762489,717
10990,PROD-095,South,2024-07-30,170.94,26,6764927113851029,394
12849,PROD-065,Central,2024-07-31,43.18,6,7699157329398942,976
10737,PROD-030,East,2024-08-01,405.16,40,8232045756595907,639
11616,PROD-045,South,2024-08-01,195.68,61,5285283380613545,738
11686,PROD-073,North,2024-08-01,376.8,46,6837236501269183,854
11858,PROD-075,Central,2024-08-02,103.73,34,1741330847168155,739
14915,PROD-076,East,2024-08-02,231.9,21,3821457536956171,348
14517,PROD-077,East,2024-08-02,39.59,12,7651294311872170,213
13555,PROD-081,South,2024-08-02,412.76,33,4202026483420484,259
10842,PROD-028,South,2024-08-02,297.23,64,1116711198834896,299
14052,PROD-095,Central,2024-08-02,301.16,98,2224758979716010,347
11136,PROD-068,North,2024-08-02,418.61,49,4111062804869796,233
14229,PROD-049,North,2024-08-02,53.37,36,1564746989199695,926
12418,PROD-072,West,2024-08-02,364.25,35,8538455901013599,937
13274,PROD-016,West,2024-08-03,328.8,38,4497050274892124,240
12563,PROD-018,East,2024-08-03,390.7,56,8476850616039514,411
12171,PROD-085,Central,2024-08-03,134.26,33,5093346346805247,970
13825,PROD-052,Central,2024-08-04,440.82,93,7256901313296730,251
13029,PROD-010,North,2024-08-04,124.45,85,7276540910428430,598
13232,PROD-001,North,2024-08-04,47.65,60,5124393251902342,143
10620,PROD-093,Central,2024-08-05,484.92,26,2293878629881576,845
10101,PROD-058,North,2024-08-05,150.36,76,5536106687721378,583
10828,PROD-064,West,2024-08-05,24.15,76,7420001077758572,953
13009,PROD-032,Central,2024-08-05,152.21,72,3447544297039232,467
12820,PROD-061,West,2024-08-06,367.55,83,1991490789343453,514
14018,PROD-080,Central,2024-08-06,244.1,37,7395694734593072,312
14347,PROD-096,South,2024-08-06,470.76,25,1546996308726797,476
12216,PROD-099,West,2024-08-06,100.77,23,6227228150447384,974
12156,PROD-008,South,2024-08-06,180.77,97,5659764409381897,642
13102,PROD-043,North,2024-08-07,252.77,50,5696050238853101,972
11761,PROD-044,Central,2024-08-07,157.47,99,4790975114626891,290
11549,PROD-017,South,2024-08-07,392.13,90,2799456861866722,536
14756,PROD-075,South,2024-08-07,304.55,91,8895416214062421,552
13022,PROD-034,South,2024-08-07,433.63,1,8729388508636917,887
13338,PROD-091,West,2024-08-08,348.05,34,2592883593041097,522
13845,PROD-087,East,2024-08-08,188.99,11,2645490729866672,164
10471,PROD-082,Central,2024-08-08,471.17,47,4957827118672749,796
10994,PROD-064,East,2024-08-08,45.68,9,3249359549435069,270
13771,PROD-039,West,2024-08-08,137.58,43,2793807630107204,864
12669,PROD-009,West,2024-08-08,259.22,70,7083033098443546,271
12412,PROD-015,South,2024-08-08,244.95,75,8266783390579513,303
11029,PROD-072,West,2024-08-09,72.21,70,5728707601557498,379
13818,PROD-031,Central,2024-08-09,421.01,58,4256391485858569,799
11620,PROD-079,East,2024-08-09,467.45,55,1292304871747847,325
13645,PROD-013,East,2024-08-09,90.34,47,6087770958170114,605
12696,PROD-078,East,2024-08-09,441.14,88,6771256221571215,477
10494,PROD-050,West,2024-08-09,292.61,14,8614333983918198,793
14778,PROD-048,West,2024-08-09,118.75,19,7709973081718630,320
12751,PROD-053,South,2024-08-09,347.28,100,2644999326205872,896
14989,PROD-063,Central,2024-08-10,207.48,100,7810496746356663,382
13303,PROD-099,North,2024-08-10,369.44,53,4838630586199206,850
14559,PROD-097,East,2024-08-10,285.44,34,4740769675750469,758
12879,PROD-092,East,2024-08-11,447.16,67,7078891292716268,347
10367,PROD-014,Central,2024-08-11,259.09,40,3879029562076780,238
10677,PROD-082,East,2024-08-11,276.45,31,1791814772644207,120
12254,PROD-017,East,2024-08-11,14.91,69,8929520259817462,803
14792,PROD-085,East,2024-08-11,479.65,57,2744383629553374,244
10051,PROD-009,Central,2024-08-11,93.36,58,2155368235948728,113
12647,PROD-052,South,2024-08-12,57.92,2,6452033897731544,990
12302,PROD-028,West,2024-08-12,415.71,50,3077964146146508,712
14740,PROD-047,East,2024-08-12,236.4,42,8687138340116198,734
11755,PROD-011,North,2024-08-12,435.74,82,1080832609496186,861
11108,PROD-005,East,2024-08-13,195.13,78,1749200159734946,260
11105,PROD-006,West,2024-08-13,73.11,6,1572956691414921,948
10467,PROD-062,North,2024-08-13,205.25,95,3389131730669681,926
14203,PROD-065,North,2024-08-13,298.3,26,8180339115555893,550
11195,PROD-030,West,2024-08-13,215.67,59,4054557249007284,129
14324,PROD-051,East,2024-08-13,391.73,79,2863159323892593,650
13336,PROD-042,Central,2024-08-13,418.35,95,7370979470346645,693
12067,PROD-060,South,2024-08-13,376.02,100,2915640424880016,195
12458,PROD-054,North,2024-08-14,201.78,13,3450067355326229,573
14567,PROD-059,North,2024-08-14,263.61,54,1635706713842329,498
10608,PROD-008,East,2024-08-14,491.52,65,1771548833321071,676
13830,PROD-030,South,2024-08-14,344.99,49,8787791116189486,998
14221,PROD-084,East,2024-08-15,176.06,37,5480387329166481,679
13296,PROD-025,South,2024-08-15,93.92,27,1836369121283978,856
14497,PROD-036,South,2024-08-16,366.36,83,3968058498204596,596
11872,PROD-038,South,2024-08-16,108.46,21,5997310340408191,614
12343,PROD-085,Central,2024-08-16,467.29,90,5308228037144493,302
10281,PROD-026,North,2024-08-16,51.62,44,2208090619226259,774
11693,PROD-028,South,2024-08-16,180.7,100,3064175048454910,847
13584,PROD-017,East,2024-08-16,244.57,62,4039207976100670,956
10992,PROD-011,West,2024-08-17,181.61,28,3431548593174487,484
13607,PROD-001,South,2024-08-17,200.36,16,4596768867224997,302
13304,PROD-098,West,2024-08-17,307.05,48,4763660947909632,442
14099,PROD-028,North,2024-08-17,320.27,42,2329499249691347,594
14637,PROD-049,North,2024-08-17,243.3,86,8688587412590779,212
11235,PROD-092,East,2024-08-17,23.12,84,3469521829281589,177
13090,PROD-011,West,2024-08-18,28.04,57,4906847397134685,885
14770,PROD-098,East,2024-08-18,329.32,67,5334645807858537,667
11626,PROD-054,South,2024-08-18,269.98,24,1454948498780069,979
13286,PROD-050,North,2024-08-18,131.79,35,1975285524091364,370
11155,PROD-040,Central,2024-08-18,440.8,76,1193266171326986,382
13096,PROD-037,East,2024-08-19,430.87,85,3407236375748201,643
13100,PROD-080,Central,2024-08-19,172.73,90,6145052048708045,528
13039,PROD-037,East,2024-08-20,402.36,30,5300556265628764,647
11218,PROD-053,Central,2024-08-20,448.7,93,5049633485332714,536
11090,PROD-094,West,2024-08-20,55.4,98,1022208549130869,430
14150,PROD-098,North,2024-08-20,50.85,90,7245486253326324,939
14077,PROD-076,South,2024-08-20,483.8,46,8959682401181136,364
13718,PROD-088,East,2024-08-20,54.84,10,1549529184713285,264
10801,PROD-061,Central,2024-08-21,419.75,66,2855633644682580,389
12058,PROD-042,Central,2024-08-21,84.74,67,4651320853544551,573
13897,PROD-016,West,2024-08-21,473.93,35,6680851316013711,995
13705,PROD-002,East,2024-08-22,161.72,4,2187755132997098,884
10110,PROD-075,Central,2024-08-22,68.43,60,2966243303086957,270
14807,PROD-007,North,2024-08-22,264.78,68,5726877674983606,731
10052,PROD-034,North,2024-08-23,316.38,47,5011132007108823,265
12150,PROD-011,West,2024-08-23,324.07,78,1639172200906674,633
11481,PROD-013,Central,2024-08-23,469.84,6,2644804572222568,836
10125,PROD-025,Central,2024-08-23,294.02,33,3720202830086188,775
10872,PROD-070,Central,2024-08-24,187.75,18,6003019997199357,366
11654,PROD-076,South,2024-08-24,77.2,26,8935060647050017,854
11582,PROD-074,North,2024-08-25,67.12,48,5200954348214231,478
10067,PROD-093,West,2024-08-25,37.24,62,4464940555206020,799
10332,PROD-025,East,2024-08-25,471.46,56,8236381746668310,889
12921,PROD-081,South,2024-08-26,52.81,58,7328929434564511,869
11226,PROD-074,South,2024-08-26,359.51,69,4409814774822494,891
14974,PROD-020,East,2024-08-26,386.05,99,4678967144900358,859
13947,PROD-077,South,2024-08-26,371.12,74,5375698715632632,109
13106,PROD-024,South,2024-08-26,299.56,93,5689677455459032,512
14132,PROD-027,West,2024-08-26,73.31,71,2042470692213579,101
10783,PROD-013,West,2024-08-26,368.89,12,2385581153505783,783
11624,PROD-010,South,2024-08-27,137.83,32,4553503532985589,669
12334,PROD-056,Central,2024-08-27,101.68,29,7358607666573851,264
10419,PROD-000,East,2024-08-27,180.7,85,6713553558590246,375
13250,PROD-013,North,2024-08-27,29.6,37,1694295457041647,583
12745,PROD-033,Central,2024-08-27,115.57,31,1433290780020091,930
14032,PROD-096,West,2024-08-27,427.7,78,4158850057869253,245
12677,PROD-016,West,2024-08-28,489.67,84,5506379072814729,429
13579,PROD-069,North,2024-08-28,381.16,9,3753219773841790,846
12805,PROD-094,East,2024-08-28,28.31,12,3586901015625119,239
13295,PROD-017,South,2024-08-28,141.34,72,7455208504590165,491
12874,PROD-095,West,2024-08-28,221.39,45,4105090605466782,591
11487,PROD-015,Central,2024-08-29,208.06,86,2132983286925186,137
11360,PROD-080,Central,2024-08-29,290.23,74,7481954812767884,263
11536,PROD-064,West,2024-08-29,258.15,7,7450839162085527,446
13161,PROD-096,East,2024-08-29,478.57,37,8660736529217244,669
10767,PROD-098,East,2024-08-29,377.03,87,4135110257176828,246
10764,PROD-039,Central,2024-08-30,58.23,73,8526497320051841,421
14428,PROD-051,West,2024-08-30,368.64,52,4535989066406925,848
14170,PROD-007,East,2024-08-30,304.22,46,2013216304665622,241
13272,PROD-057,West,2024-08-30,243.69,100,8377889348655468,496
13739,PROD-085,South,2024-08-30,314.97,62,3972708087668544,114
10434,PROD-085,Central,2024-08-30,261.61,60,7911337414788727,155
12194,PROD-035,West,2024-08-30,99.82,5,7503370258974364,336
14961,PROD-016,Central,2024-08-31,228.25,37,6046509978741778,198
14709,PROD-080,West,2024-08-31,294.48,76,8113247530836325,794
13475,PROD-000,Central,2024-09-01,324.37,78,1902532103300693,253
11796,PROD-011,West,2024-09-01,116.09,71,8884192119836073,930
12318,PROD-031,North,2024-09-01,166.68,66,3190912435005088,538
11655,PROD-053,East,2024-09-01,276.44,95,3626266900334850,174
12127,PROD-054,Central,2024-09-02,238.82,32,5357146491144646,988
14642,PROD-062,Central,2024-09-02,399.42,59,3785266582383863,171
14180,PROD-073,Central,2024-09-02,397.1,35,5928224940481330,306
12320,PROD-087,Central,2024-09-02,483.01,27,5765522431442142,592
11956,PROD-069,Central,2024-09-02,274.65,98,6930963884172544,191
10236,PROD-099,East,2024-09-02,73.58,47,8428736788239959,859
11316,PROD-024,North,2024-09-02,433.29,74,6258818784056639,334
12062,PROD-017,South,2024-09-03,157.67,77,2986967568030772,914
10604,PROD-067,West,2024-09-03,200.54,8,2393152561401932,748
11337,PROD-044,South,2024-09-03,186.89,70,6028332292142157,851
12638,PROD-094,East,2024-09-03,203.35,36,5387196350532688,414
12248,PROD-009,South,2024-09-03,206.82,16,4667150106719603,101
14922,PROD-055,South,2024-09-04,98.4,91,6318034197913943,773
10035,PROD-038,South,2024-09-04,162.86,74,3870308267029651,213
14317,PROD-079,West,2024-09-04,399.57,90,6475241366237327,384
14471,PROD-050,North,2024-09-05,295.81,32,2978952844093718,895
14268,PROD-080,Central,2024-09-05,380.81,20,6992035803945019,932
12480,PROD-023,Central,2024-09-05,121.86,57,2062440372502755,311
10655,PROD-080,Central,2024-09-05,245.1,3,3263446619497295,364
11323,PROD-038,North,2024-09-05,245.03,37,2476471161039491,284
14185,PROD-034,Central,2024-09-05,27.01,52,8003601061927385,624
12223,PROD-023,Central,2024-09-05,446.96,65,8074723885457491,505
14968,PROD-048,South,2024-09-05,363.36,24,3594474739374276,190
14488,PROD-098,North,2024-09-05,452.53,83,1245044094143153,214
14455,PROD-003,West,2024-09-06,423.42,73,5974513290740641,639
13169,PROD-021,Central,2024-09-06,106.47,33,3788963823326756,339
13051,PROD-048,South,2024-09-06,476.35,16,8985282348945040,889
12158,PROD-051,West,2024-09-06,240.55,14,4661109824479049,613
13045,PROD-033,Central,2024-09-06,161.06,21,4949920450376547,933
14610,PROD-000,West,2024-09-07,282.91,90,7850958189376889,626
12195,PROD-025,North,2024-09-07,326.05,33,8797405703605362,524
10542,PROD-016,West,2024-09-07,53.92,27,3808049802218351,779
11865,PROD-032,Central,2024-09-07,40.44,72,2758084912632985,122
10571,PROD-019,West,2024-09-08,128.8,45,5981600254964778,383
13354,PROD-041,Central,2024-09-08,327.18,4,3712986255366079,630
14329,PROD-008,Central,2024-09-08,377.32,74,1316615423290401,271
14526,PROD-021,South,2024-09-09,34.78,80,6544908494793355,665
10543,PROD-004,North,2024-09-09,481.89,16,2599629962118560,827
11477,PROD-056,North,2024-09-09,289.07,47,5687589940540824,708
10224,PROD-034,South,2024-09-09,316.34,58,5026387246537326,841
11142,PROD-058,East,2024-09-09,488.96,35,8944478585061758,763
10086,PROD-072,North,2024-09-09,128.64,67,8240942195486219,401
13403,PROD-017,East,2024-09-10,110.64,81,4998281816782034,495
11988,PROD-059,West,2024-09-10,302.47,16,6947854513647744,951
10522,PROD-011,East,2024-09-10,63.73,31,4688564942180925,562
10065,PROD-078,Central,2024-09-10,171.94,5,6921296287803312,376
10493,PROD-052,South,2024-09-11,275.1,34,2118241787156825,226
13974,PROD-036,North,2024-09-11,150.28,62,8144887139686527,803
14174,PROD-068,Central,2024-09-11,27.94,23,3751074794668513,443
14453,PROD-085,North,2024-09-11,480.84,72,4508612710427336,199
11522,PROD-066,West,2024-09-11,218.84,41,4905302271607645,118
10563,PROD-091,North,2024-09-11,354.31,95,4370081985989113,151
10654,PROD-018,North,2024-09-12,312.65,93,5412133290119096,905
14631,PROD-081,South,2024-09-12,269.0,96,1326940134474384,344
12872,PROD-052,North,2024-09-12,411.79,96,7060501471721180,951
10068,PROD-051,West,2024-09-12,357.21,23,4784615267962613,723
13900,PROD-031,West,2024-09-13,15.89,16,5052691719028986,649
12345,PROD-074,South,2024-09-13,350.89,78,7781191616514633,310
12545,PROD-091,East,2024-09-13,324.37,69,4719840345775419,369
13121,PROD-030,East,2024-09-14,12.8,81,6616585496726885,613
12181,PROD-096,North,2024-09-15,212.0,84,3982150954586517,260
10470,PROD-095,Central,2024-09-15,365.86,77,4823939689624731,132
10526,PROD-073,South,2024-09-15,462.49,97,2452155184983369,484
12198,PROD-018,North,2024-09-15,20.48,45,4681621023720863,935
10212,PROD-025,South,2024-09-15,350.71,40,3780725696778474,691
12224,PROD-012,West,2024-09-15,263.76,78,8827458356359245,996
11012,PROD-028,North,2024-09-16,448.18,50,5863246158202757,928
12757,PROD-069,South,2024-09-18,448.04,22,7692959994135083,904
11496,PROD-052,West,2024-09-18,266.96,55,2712446359682314,401
14697,PROD-097,Central,2024-09-18,105.84,91,2176957710412194,370
11866,PROD-084,East,2024-09-19,252.36,65,4948621670992872,229
12861,PROD-015,West,2024-09-19,481.62,64,5046681380921531,670
11454,PROD-064,East,2024-09-19,408.78,70,3060276422030086,708
12036,PROD-027,North,2024-09-19,369.28,27,4130893713869585,134
11568,PROD-085,Central,2024-09-20,434.37,86,6388723000122362,814
13248,PROD-082,South,2024-09-20,326.17,65,4795587669898877,400
12648,PROD-055,West,2024-09-20,498.93,40,4876639347735449,573
10947,PROD-091,Central,2024-09-20,50.56,80,3601545745492367,684
13969,PROD-069,South,2024-09-20,129.42,20,6397575323060575,338
12390,PROD-070,Central,2024-09-21,304.15,22,6679628141064711,716
14760,PROD-010,West,2024-09-21,55.18,33,4489945465080018,736
10428,PROD-060,West,2024-09-21,30.72,3,1868253158139306,728
13549,PROD-051,East,2024-09-21,91.6,5,6074705200506408,724
13226,PROD-054,East,2024-09-21,176.89,3,4762153414754784,818
13820,PROD-026,South,2024-09-21,63.27,52,7857147842371723,343
11597,PROD-023,East,2024-09-22,66.49,18,5299774343685953,676
13501,PROD-084,Central,2024-09-22,270.89,46,8806503883688794,437
11219,PROD-098,East,2024-09-22,386.18,62,2613387889663664,955
11752,PROD-072,South,2024-09-22,160.39,73,6171426763799877,269
13587,PROD-040,Central,2024-09-22,439.12,31,8756114825895315,415
12620,PROD-023,South,2024-09-22,88.61,14,5100105669626391,555
12547,PROD-032,East,2024-09-22,42.09,94,4765585492015135,118
11332,PROD-054,West,2024-09-22,243.72,51,2132527935856113,132
10705,PROD-089,North,2024-09-22,326.03,30,6959057806994894,752
14758,PROD-098,West,2024-09-23,230.03,25,4664279350200925,580
10603,PROD-060,South,2024-09-23,392.23,12,8688819789658353,265
12709,PROD-018,East,2024-09-24,207.17,81,6516461497074935,265
13158,PROD-081,West,2024-09-24,424.94,84,8156839113159637,639
11351,PROD-050,Central,2024-09-25,441.49,85,5720128569796230,927
14006,PROD-096,South,2024-09-25,488.51,82,4995344413757229,659
13732,PROD-051,West,2024-09-25,327.56,65,6182989238925883,266
10923,PROD-031,East,2024-09-25,67.64,21,1942772824656751,845
11249,PROD-058,South,2024-09-26,361.22,23,3600839382940897,932
14686,PROD-031,Central,2024-09-26,408.4,34,5491434248727894,217
11405,PROD-070,South,2024-09-26,149.99,58,4878996483006040,984
13258,PROD-031,West,2024-09-26,362.55,17,6918783006754029,760
14518,PROD-023,East,2024-09-26,144.71,10,3644535203542008,727
13119,PROD-033,North,2024-09-26,349.77,57,2465342690489136,488
14500,PROD-011,Central,2024-09-27,344.8,53,1421333959667850,488
10520,PROD-009,West,2024-09-27,307.12,18,6854855278636781,402
10301,PROD-099,North,2024-09-27,302.41,14,7014941441495690,431
12658,PROD-097,West,2024-09-28,99.46,65,8079221163395475,904
13448,PROD-053,South,2024-09-28,19.97,81,1775847986688263,631
11564,PROD-001,East,2024-09-29,420.28,38,3249219039418328,334
11411,PROD-062,East,2024-09-29,34.24,56,6588675183072687,667
10985,PROD-042,West,2024-09-30,87.26,75,1471455773352080,311
12347,PROD-080,Central,2024-09-30,145.01,17,6267653436169537,831
14585,PROD-038,East,2024-09-30,275.11,37,7111556104262809,224
14272,PROD-002,West,2024-09-30,156.97,3,7724524284825647,699
14515,PROD-095,South,2024-09-30,302.25,9,4560488062005354,646
13661,PROD-034,East,2024-10-01,200.78,14,5936916088497500,495
11636,PROD-009,West,2024-10-01,252.15,8,8007051255799285,474
10556,PROD-019,North,2024-10-02,70.89,84,7252236845675689,238
10814,PROD-047,East,2024-10-02,145.88,6,8232074421521438,732
11303,PROD-055,Central,2024-10-02,418.76,72,5263009686182441,521
12474,PROD-080,Central,2024-10-02,55.74,5,8527696498532033,335
11585,PROD-004,West,2024-10-03,216.46,48,6453519748061460,810
12120,PROD-072,West,2024-10-03,491.35,5,2323742615376129,613
14995,PROD-064,South,2024-10-03,198.58,45,3599489108410351,466
13517,PROD-086,Central,2024-10-04,359.91,52,3417621169652232,749
12007,PROD-043,Central,2024-10-04,493.82,49,6873384601967663,109
14815,PROD-072,South,2024-10-04,108.94,99,1852079637698803,638
13260,PROD-000,East,2024-10-05,62.54,27,5699747625381562,831
10061,PROD-007,Central,2024-10-05,431.51,22,2139805780232943,981
14845,PROD-013,West,2024-10-05,425.05,61,3236147199904845,154
12284,PROD-044,South,2024-10-05,383.22,17,3011389303645254,168
10882,PROD-072,North,2024-10-05,209.72,45,4990768254715506,216
12275,PROD-093,East,2024-10-05,219.55,19,7857808274160795,684
10398,PROD-049,East,2024-10-05,339.05,83,7300567445310363,359
12540,PROD-000,North,2024-10-05,465.96,22,1842665908890633,985
10664,PROD-044,North,2024-10-06,80.44,22,5774943108990789,315
13452,PROD-016,South,2024-10-06,309.41,57,5561611097161046,954
10953,PROD-049,West,2024-10-06,330.84,38,2374451506731066,725
10269,PROD-067,North,2024-10-06,262.85,73,5333099039032473,264
10340,PROD-032,South,2024-10-07,447.68,51,3778685448880630,934
14626,PROD-010,East,2024-10-07,259.72,56,7967706866068221,323
10175,PROD-063,East,2024-10-07,300.6,45,7172625825268669,794
14925,PROD-098,North,2024-10-07,139.43,12,7266728907540230,550
12283,PROD-010,West,2024-10-08,209.02,51,5668786899062924,413
12380,PROD-019,South,2024-10-08,371.1,84,6813793480958341,114
11729,PROD-078,East,2024-10-09,74.75,2,6865964961017689,807
11829,PROD-090,East,2024-10-09,333.6,6,7102301754303284,729
10565,PROD-088,West,2024-10-09,209.53,35,7076091362005916,478
12835,PROD-043,West,2024-10-09,184.77,82,6477311968421263,558
13634,PROD-006,West,2024-10-09,147.46,86,6408419637913671,854
12560,PROD-021,North,2024-10-09,308.3,48,8642326691773056,850
12814,PROD-069,South,2024-10-09,399.02,45,6451565367585929,358
10986,PROD-045,Central,2024-10-09,220.98,52,5799892617491405,221
14979,PROD-037,West,2024-10-09,359.57,72,3532266643423011,546
10511,PROD-067,West,2024-10-10,163.9,83,5935942934589134,248
10270,PROD-018,Central,2024-10-10,438.13,20,5791185816448081,390
12314,PROD-079,West,2024-10-10,206.5,92,7358946004910681,705
10008,PROD-000,Central,2024-10-10,406.32,12,4715982948903752,177
11935,PROD-025,East,2024-10-10,259.31,88,5397674770114565,146
13657,PROD-089,East,2024-10-10,475.7,69,6732140617482014,787
13770,PROD-021,West,2024-10-11,268.68,82,4379939357718907,366
13491,PROD-077,North,2024-10-11,419.37,45,4876232055037765,619
10427,PROD-037,North,2024-10-11,131.97,7,2869187165547111,122
12361,PROD-038,South,2024-10-12,465.91,72,1871803923305717,368
10714,PROD-096,Central,2024-10-12,481.85,70,6420852807465745,226
14042,PROD-037,North,2024-10-12,479.66,47,3473349751914439,298
14938,PROD-025,North,2024-10-12,155.88,78,7641278174209703,597
10087,PROD-028,Central,2024-10-12,55.74,66,3446677970459957,574
14009,PROD-039,North,2024-10-13,182.52,14,6713819683737850,882
13967,PROD-031,West,2024-10-13,435.44,84,4651236830203004,691
12955,PROD-080,Central,2024-10-13,77.61,30,2792623342110319,450
13581,PROD-046,East,2024-10-14,294.45,44,1427990398582513,833
13235,PROD-033,Central,2024-10-14,328.5,46,2935825025106602,781
11257,PROD-059,East,2024-10-14,44.92,5,5334581447178291,293
14339,PROD-068,South,2024-10-14,393.05,67,2713120630068799,814
13730,PROD-026,West,2024-10-14,405.62,44,8948680323377315,155
12652,PROD-057,Central,2024-10-15,194.46,68,6618371853660148,117
10036,PROD-037,Central,2024-10-15,342.71,28,7008389962254101,330
10690,PROD-036,Central,2024-10-15,279.17,37,2175878797776557,888
10092,PROD-070,West,2024-10-15,301.38,82,3649733443553861,225
10812,PROD-024,Central,2024-10-15,142.38,62,3037098118343997,909
14759,PROD-077,Central,2024-10-16,356.22,57,8674714210827035,733
14106,PROD-038,East,2024-10-16,233.09,20,1640587019126517,978
13129,PROD-026,South,2024-10-16,105.41,19,8864749757034246,202
13042,PROD-013,East,2024-10-16,44.3,77,2314381804361927,489
12759,PROD-042,West,2024-10-17,428.49,96,2496224507604308,416
11604,PROD-046,East,2024-10-17,360.38,50,7870038113775784,149
13826,PROD-052,South,2024-10-17,241.29,81,6993793817398499,662
11876,PROD-003,North,2024-10-17,30.72,19,1844859166977106,179
12402,PROD-057,Central,2024-10-17,471.94,68,4236155901826426,324
14749,PROD-006,East,2024-10-19,330.98,9,8857670958593398,880
12714,PROD-038,South,2024-10-19,125.71,4,4680332132548470,105
12189,PROD-080,West,2024-10-19,301.61,97,5825635836512665,870
10902,PROD-069,West,2024-10-19,68.05,1,6383394438487828,657
13710,PROD-071,West,2024-10-19,274.84,56,8901597517455813,148
11401,PROD-007,East,2024-10-20,113.99,44,7757891632360783,430
14096,PROD-082,Central,2024-10-20,273.31,48,1040478836604021,968
12108,PROD-034,North,2024-10-20,29.8,50,4712381869653297,364
11391,PROD-069,South,2024-10-20,257.91,63,7020987122226514,357
13925,PROD-016,South,2024-10-21,420.84,73,6353580020919243,144
14506,PROD-068,South,2024-10-21,245.38,2,3153583728415735,182
12294,PROD-065,North,2024-10-21,149.55,6,3196013945436774,681
12190,PROD-080,North,2024-10-21,216.77,10,6350377415143232,136
12295,PROD-082,East,2024-10-21,206.36,1,3786834215327720,321
11327,PROD-086,Central,2024-10-21,154.67,68,3140734124392642,284
13080,PROD-002,West,2024-10-22,125.05,86,8746210765725242,998
11402,PROD-008,North,2024-10-22,372.67,65,1645050489098387,611
11705,PROD-017,North,2024-10-22,477.58,60,6192438713330637,837
10182,PROD-045,North,2024-10-22,124.65,27,7663168676290803,357
12798,PROD-091,Central,2024-10-22,439.82,51,6786287322866398,884
10066,PROD-003,South,2024-10-22,283.05,94,2145870605999248,951
13380,PROD-063,North,2024-10-23,455.26,34,2956762390207272,675
14065,PROD-018,North,2024-10-23,94.55,93,6756912242568029,394
12342,PROD-025,East,2024-10-23,346.74,96,3834960053245909,875
14767,PROD-091,North,2024-10-23,226.99,20,3643561321368592,577
10792,PROD-084,East,2024-10-23,279.7,69,1149910184158867,739
14036,PROD-019,North,2024-10-23,59.35,18,5102500738875116,983
11133,PROD-063,West,2024-10-24,276.97,72,8911450571541662,978
12359,PROD-014,North,2024-10-24,126.28,26,4498673835104673,382
13906,PROD-033,West,2024-10-24,422.43,73,1142420267069142,565
12219,PROD-030,West,2024-10-24,442.52,94,5499207960675741,956
14385,PROD-026,Central,2024-10-25,150.81,93,3080374960893671,746
14158,PROD-026,South,2024-10-25,229.42,3,1217656190497932,337
12428,PROD-004,South,2024-10-25,139.72,24,7179232535823503,196
11263,PROD-015,South,2024-10-25,442.59,52,2483463469751409,665
10937,PROD-054,Central,2024-10-26,99.24,56,7482081253649218,695
14953,PROD-091,Central,2024-10-26,110.14,71,4095586056652133,135
10138,PROD-007,South,2024-10-26,159.97,56,2442089381410122,597
11917,PROD-026,Central,2024-10-27,144.41,36,7277554745182995,315
14479,PROD-055,South,2024-10-28,58.76,21,7645533970456799,887
12720,PROD-074,East,2024-10-28,24.1,22,4751952776602464,206
11120,PROD-072,East,2024-10-29,275.12,53,7603002125853944,233
12786,PROD-096,West,2024-10-29,72.16,4,7916657743355915,487
12508,PROD-099,South,2024-10-29,370.99,58,2432299366330613,498
10639,PROD-030,Central,2024-10-30,359.89,15,1327434267833040,345
13785,PROD-037,Central,2024-10-30,470.32,49,1375133583851831,580
13893,PROD-010,West,2024-10-30,421.75,39,6542830532622508,733
14309,PROD-004,Central,2024-10-30,80.71,93,8462620703208568,235
12713,PROD-094,West,2024-10-31,114.22,85,1040998666887620,435
14616,PROD-085,East,2024-10-31,14.94,24,1866437218405848,985
14286,PROD-034,North,2024-10-31,129.44,24,1251038866363485,149
14400,PROD-013,West,2024-10-31,149.58,1,5103250739040706,833
13869,PROD-024,North,2024-10-31,455.56,28,5329579152163553,614
11815,PROD-014,West,2024-11-01,319.97,65,4329268617059124,707
12688,PROD-014,South,2024-11-01,81.39,75,1287980996867117,901
13126,PROD-022,East,2024-11-01,64.79,26,2856998891862103,172
10920,PROD-080,Central,2024-11-01,338.23,53,3355876351038747,907
14817,PROD-026,South,2024-11-02,383.58,96,4682152325291019,792
10123,PROD-025,West,2024-11-02,399.13,36,2869286207052894,553
11453,PROD-064,West,2024-11-02,249.13,49,7616203282715890,432
14484,PROD-037,East,2024-11-02,351.42,63,4564645125328465,605
14178,PROD-075,West,2024-11-02,137.67,89,5522020948942328,289
14412,PROD-039,East,2024-11-03,462.57,98,3127051590558750,948
10208,PROD-081,South,2024-11-03,260.54,63,6793279289142961,315
13835,PROD-035,South,2024-11-03,171.68,96,6563381275105793,647
11557,PROD-012,West,2024-11-03,328.1,95,1643175969720739,771
10789,PROD-078,North,2024-11-03,210.81,13,4121537699563065,381
12832,PROD-020,East,2024-11-03,497.03,44,4423736892594197,609
14564,PROD-049,West,2024-11-04,189.03,40,3216239083592643,247
11160,PROD-005,West,2024-11-04,160.17,10,7569758161328811,249
11617,PROD-038,East,2024-11-04,481.13,23,5941499269157242,832
12267,PROD-036,North,2024-11-04,263.73,92,1391456560653750,950
14549,PROD-075,Central,2024-11-04,482.92,33,3319635032382669,495
14110,PROD-092,East,2024-11-04,173.4,52,5982725040424644,947
11852,PROD-018,South,2024-11-04,51.01,96,8478660680904230,667
14641,PROD-032,East,2024-11-05,131.97,66,7969857005332673,139
10146,PROD-046,East,2024-11-05,371.85,32,1276639378833325,863
13242,PROD-049,East,2024-11-05,318.03,81,7881196748116992,320
11737,PROD-068,South,2024-11-05,274.42,93,3217197813415425,245
11013,PROD-093,East,2024-11-05,454.88,14,7060348669872146,300
14181,PROD-025,Central,2024-11-05,304.35,54,6907091826828010,772
13527,PROD-096,East,2024-11-05,192.64,27,6384023100369167,410
13872,PROD-004,North,2024-11-05,58.31,95,4126710208525402,126
14114,PROD-078,West,2024-11-06,494.62,70,7769279552276372,189
14776,PROD-073,East,2024-11-06,474.47,72,4164976823467599,528
14931,PROD-004,Central,2024-11-06,309.38,60,3718560666150815,711
14508,PROD-039,North,2024-11-06,346.66,16,2637255765914723,957
12780,PROD-019,Central,2024-11-06,157.09,49,2626376127829502,746
14783,PROD-039,West,2024-11-06,478.64,58,3337695250628563,412
12827,PROD-002,South,2024-11-06,230.43,52,4986684707759560,993
12893,PROD-005,Central,2024-11-07,300.61,99,8134368820757475,481
14553,PROD-025,South,2024-11-07,225.7,70,6081633887289059,733
14179,PROD-082,East,2024-11-07,353.27,80,5944508745854511,318
12311,PROD-044,East,2024-11-07,327.71,83,4455524879762639,485
12362,PROD-031,South,2024-11-07,397.24,6,4108989153264656,225
14109,PROD-040,East,2024-11-07,22.74,79,5656404468822534,453
12993,PROD-022,East,2024-11-08,210.99,16,8296314882776901,669
13616,PROD-044,East,2024-11-08,440.82,85,3723047065184642,310
14222,PROD-090,North,2024-11-08,90.18,37,3535087444923559,406
13195,PROD-039,East,2024-11-08,497.04,59,2476878835449993,604
14013,PROD-098,South,2024-11-08,206.24,33,4202511679494432,994
14290,PROD-042,North,2024-11-08,226.0,22,7416872445617893,375
13957,PROD-099,Central,2024-11-09,81.68,25,8747721386937056,830
11856,PROD-098,East,2024-11-09,123.22,34,5496585574550464,783
13221,PROD-011,Central,2024-11-09,99.22,20,7981211497336163,198
13930,PROD-055,East,2024-11-09,198.56,40,3181819600417975,843
13787,PROD-055,North,2024-11-10,243.9,9,2738527847825928,698
13888,PROD-077,North,2024-11-10,235.09,74,2350547292756512,638
14766,PROD-023,South,2024-11-10,82.05,45,3339526581987379,448
13340,PROD-028,North,2024-11-10,194.67,77,1849392647861374,265
14981,PROD-087,Central,2024-11-11,330.36,61,8604209596688049,484
14698,PROD-007,North,2024-11-11,15.26,54,7479501058020710,140
13640,PROD-091,Central,2024-11-11,329.19,95,3279570972523037,496
11562,PROD-001,North,2024-11-11,76.35,95,4650741325334553,588
12274,PROD-004,East,2024-11-11,171.76,59,2921795765888805,316
13425,PROD-008,West,2024-11-11,322.51,6,7418387299374144,444
13170,PROD-057,West,2024-11-11,458.35,94,1264302428563495,757
13332,PROD-039,East,2024-11-11,339.22,79,7519434231924854,742
13120,PROD-088,Central,2024-11-11,325.23,70,8176737956658455,536
10497,PROD-017,East,2024-11-12,363.34,64,3116834013121676,679
11515,PROD-067,North,2024-11-12,178.66,61,7757098491448179,361
14050,PROD-090,East,2024-11-13,493.59,41,3509833992112600,228
10143,PROD-048,South,2024-11-13,24.58,29,5361290428285270,201
10415,PROD-001,South,2024-11-13,392.74,72,6170605551104629,172
11596,PROD-073,South,2024-11-14,304.29,40,7338631537619998,161
14219,PROD-021,East,2024-11-14,163.28,14,5664143107929691,387
13571,PROD-015,West,2024-11-14,458.83,99,7095028119459562,237
13146,PROD-093,West,2024-11-14,403.65,25,7724039406713496,583
12916,PROD-061,West,2024-11-14,249.38,85,5958228193160262,902
13105,PROD-077,West,2024-11-14,278.77,98,1674933290113705,608
14276,PROD-018,North,2024-11-15,197.6,22,8706189443239728,104
11011,PROD-054,West,2024-11-15,435.28,5,7140976808710560,463
11302,PROD-054,East,2024-11-15,245.43,64,5001498654586009,823
10659,PROD-038,North,2024-11-15,43.69,8,3448186168160628,352
12877,PROD-097,West,2024-11-15,113.73,63,5974455010699748,688
13886,PROD-091,West,2024-11-16,49.17,18,6420610483451151,873
13223,PROD-061,North,2024-11-16,383.57,92,6794790239481075,539
13695,PROD-013,Central,2024-11-16,252.33,86,1633785751214106,898
13361,PROD-052,Central,2024-11-16,424.58,5,5703674643007756,192
13915,PROD-066,Central,2024-11-16,56.23,29,7099353716855478,512
13351,PROD-034,East,2024-11-17,276.58,46,3281606841360780,679
12298,PROD-063,North,2024-11-17,254.4,77,2621605885637444,363
14748,PROD-096,North,2024-11-18,89.01,23,8857745960862434,216
14033,PROD-076,North,2024-11-18,87.77,66,6574800683562142,267
13803,PROD-039,North,2024-11-18,420.52,49,3078739440641751,607
13079,PROD-031,West,2024-11-18,48.52,23,8428370957509890,410
12250,PROD-079,East,2024-11-18,120.81,5,5257724480195660,312
14277,PROD-021,South,2024-11-18,374.82,93,2673206433619320,562
14923,PROD-037,North,2024-11-18,331.78,3,1913776975538122,214
11488,PROD-057,South,2024-11-19,67.06,51,1788489940296632,831
14805,PROD-016,South,2024-11-19,431.1,62,4201814745041638,896
11498,PROD-052,Central,2024-11-19,159.24,9,3223004569208233,292
11204,PROD-017,West,2024-11-19,375.74,18,1212131489242682,739
14029,PROD-088,North,2024-11-19,258.87,84,2909730320984352,590
10430,PROD-060,Central,2024-11-20,218.41,62,3112193044442497,146
12469,PROD-098,North,2024-11-20,26.67,93,6475496809977317,491
13580,PROD-059,West,2024-11-20,131.86,51,4922176952833395,296
10312,PROD-046,East,2024-11-21,494.27,19,5445751675760473,565
12455,PROD-018,East,2024-11-21,205.64,37,5473055075025469,652
10890,PROD-084,North,2024-11-21,258.78,70,6804610834047390,234
13244,PROD-026,South,2024-11-21,449.35,17,1145392283625617,651
14320,PROD-016,Central,2024-11-21,225.19,83,1229407612109978,742
10369,PROD-010,West,2024-11-21,412.57,45,8040719348100783,826
14189,PROD-058,West,2024-11-22,389.36,43,6114772358829803,876
11776,PROD-001,East,2024-11-22,186.89,3,2649905242248110,469
12749,PROD-001,Central,2024-11-22,282.35,75,6491433621740423,492
10176,PROD-006,East,2024-11-22,199.19,1,5761442638109181,788
10698,PROD-001,North,2024-11-22,304.24,74,7854179752242293,953
12808,PROD-014,North,2024-11-22,217.61,100,4766247053510267,193
13273,PROD-093,North,2024-11-23,239.25,65,2872368776036441,559
13357,PROD-072,North,2024-11-23,327.08,12,1725344547086882,658
13936,PROD-057,West,2024-11-23,324.57,58,2186032583523676,420
10871,PROD-033,Central,2024-11-23,335.38,80,6331380013835865,726
14990,PROD-059,South,2024-11-23,80.18,79,4109262628012754,774
14027,PROD-042,Central,2024-11-24,140.49,98,5224691846239645,374
13918,PROD-003,East,2024-11-24,360.59,90,2149359666728860,530
14636,PROD-005,Central,2024-11-25,494.48,70,3356252114605574,334
11127,PROD-081,West,2024-11-25,233.12,95,2405837507992541,982
12873,PROD-072,North,2024-11-25,69.33,88,5276295374906017,660
11946,PROD-090,South,2024-11-25,234.56,34,7035199213288230,820
13514,PROD-049,West,2024-11-26,468.94,93,8685873570613022,520
10599,PROD-030,East,2024-11-26,185.87,55,7908868944812661,573
11613,PROD-076,South,2024-11-26,115.54,23,1799375503465259,561
13508,PROD-001,South,2024-11-27,93.5,11,7419940046516196,654
12754,PROD-002,Central,2024-11-27,161.27,68,7302018670430010,894
10313,PROD-051,North,2024-11-27,254.06,89,4555994311781663,915
10536,PROD-039,Central,2024-11-27,289.04,2,4426541573545483,590
13583,PROD-010,West,2024-11-27,234.88,72,2395865140536144,969
12837,PROD-001,North,2024-11-27,386.58,90,8206965153059883,683
12687,PROD-027,West,2024-11-28,194.12,39,5518923662821542,842
14546,PROD-065,Central,2024-11-28,367.68,4,4563645631357343,355
14279,PROD-042,West,2024-11-28,140.91,48,2366673016658048,183
11849,PROD-064,North,2024-11-28,18.9,27,7585528887040875,960
12795,PROD-016,Central,2024-11-28,311.26,31,1033434080330769,232
11645,PROD-018,South,2024-11-29,493.47,29,2270714378927503,332
13680,PROD-094,East,2024-11-29,236.1,62,7992254851594295,153
13001,PROD-060,North,2024-11-29,258.98,55,3162572425359661,649
12673,PROD-091,East,2024-11-29,429.84,21,2421601639651773,111
10221,PROD-071,West,2024-11-29,295.62,54,3943978728769775,280
11045,PROD-034,West,2024-11-29,160.21,12,1847715505218444,787
13748,PROD-089,West,2024-11-30,254.78,65,2385774881799950,672
13058,PROD-000,South,2024-11-30,228.22,98,5572130303037599,580
12352,PROD-079,North,2024-12-01,339.09,15,1069475088897927,720
11619,PROD-068,South,2024-12-01,437.28,8,5214782263668774,897
12569,PROD-093,East,2024-12-01,332.99,70,7551395064117232,755
10010,PROD-030,West,2024-12-01,162.92,31,8093407172192705,668
14882,PROD-088,North,2024-12-01,160.34,59,4170524372541412,153
10407,PROD-059,North,2024-12-01,235.91,46,3820508431773793,581
14520,PROD-051,South,2024-12-02,191.84,92,6225421561381282,792
13032,PROD-084,South,2024-12-02,126.59,59,7446945412674642,668
14558,PROD-076,East,2024-12-02,388.38,98,7296848955010531,282
12371,PROD-017,West,2024-12-02,477.87,59,8293271949055065,541
12557,PROD-060,East,2024-12-02,312.33,72,7568057972796506,176
10975,PROD-043,Central,2024-12-02,129.9,86,7641813559137332,935
10173,PROD-027,Central,2024-12-02,29.25,53,1627188300396390,327
10170,PROD-065,East,2024-12-03,459.5,54,7566827352608383,951
14998,PROD-087,Central,2024-12-03,346.13,81,7979135801757220,392
12269,PROD-010,South,2024-12-03,261.78,82,3971336503986734,306
12340,PROD-096,West,2024-12-03,458.18,35,2056710389189738,673
12494,PROD-008,North,2024-12-04,222.76,75,3369621660292128,828
13883,PROD-004,North,2024-12-04,292.66,79,5957136036473925,315
12531,PROD-036,Central,2024-12-04,376.39,82,8914931258369754,940
10156,PROD-034,South,2024-12-04,113.36,52,5579112572563464,919
11024,PROD-006,Central,2024-12-04,339.09,4,4003761372363375,852
14342,PROD-076,East,2024-12-04,198.73,34,8962477648084470,683
10802,PROD-009,East,2024-12-04,93.23,50,5738971323513752,200
12210,PROD-044,Central,2024-12-04,471.54,40,2176410985955619,899
10111,PROD-062,Central,2024-12-04,458.06,95,1961659243975539,791
13999,PROD-098,East,2024-12-04,220.53,56,6487684135657602,666
14596,PROD-002,Central,2024-12-04,310.09,40,2783149273230734,138
14950,PROD-089,East,2024-12-04,497.01,41,3000331914361410,667
13026,PROD-072,South,2024-12-04,208.45,7,4547343718346005,934
10832,PROD-043,South,2024-12-05,319.79,52,8033430769568347,673
14310,PROD-062,West,2024-12-05,255.02,34,4123094148443518,356
12527,PROD-056,Central,2024-12-05,160.11,88,2582370449650417,663
12175,PROD-060,Central,2024-12-05,234.8,39,1151834297066935,238
14761,PROD-041,Central,2024-12-05,283.46,37,8207015769241427,770
11525,PROD-024,West,2024-12-05,499.67,6,6962302782264036,267
14769,PROD-066,East,2024-12-05,102.9,10,8266249536321604,312
14771,PROD-083,East,2024-12-06,365.81,43,8403819424405033,232
10545,PROD-097,North,2024-12-06,282.99,49,2118533635184211,384
13017,PROD-083,East,2024-12-06,453.84,49,4695591521142775,228
13931,PROD-032,South,2024-12-06,105.82,26,4462778448297847,716
12279,PROD-099,South,2024-12-06,384.19,97,7789995861835040,895
12176,PROD-041,West,2024-12-08,93.51,64,2400799920061444,989
10499,PROD-028,North,2024-12-08,486.54,77,3755661198765956,711
14160,PROD-055,East,2024-12-08,241.61,87,5626519865911242,901
11298,PROD-051,North,2024-12-08,239.22,83,4763650796732330,558
13814,PROD-026,North,2024-12-08,180.04,76,4922076619393734,500
11990,PROD-025,West,2024-12-09,309.49,26,5100307705367867,166
12686,PROD-023,Central,2024-12-09,438.79,52,4889288400755967,467
13655,PROD-079,South,2024-12-09,151.28,43,7132788019568420,227
12310,PROD-064,East,2024-12-10,18.13,37,6554329829331192,861
13853,PROD-038,South,2024-12-10,165.41,88,8741556505859931,454
11282,PROD-015,East,2024-12-10,316.35,81,1871821506997071,376
12303,PROD-058,East,2024-12-10,154.4,66,8331931280319530,281
10161,PROD-084,North,2024-12-11,482.24,68,4216565171567446,737
14574,PROD-087,Central,2024-12-12,414.34,30,4929835843299416,617
11608,PROD-099,South,2024-12-12,124.0,45,4783779419713055,481
11965,PROD-024,Central,2024-12-12,207.47,24,1376415420209926,668
10649,PROD-090,South,2024-12-13,391.5,10,5185211212657238,862
13131,PROD-075,East,2024-12-13,129.67,60,4068822450589288,381
13148,PROD-071,North,2024-12-13,269.34,53,5701309377034282,240
14401,PROD-055,North,2024-12-13,127.89,72,2074324194329014,373
12030,PROD-035,East,2024-12-13,283.18,67,5256354671740682,655
12823,PROD-037,East,2024-12-13,191.96,80,7507191687152818,584
13005,PROD-047,East,2024-12-13,140.85,67,2286130155809147,184
10310,PROD-056,West,2024-12-13,197.72,16,4754361463651857,652
10684,PROD-049,East,2024-12-14,135.91,80,1466174670800840,469
12733,PROD-073,West,2024-12-14,124.99,10,5645960155486742,164
13402,PROD-074,East,2024-12-14,173.75,72,7630866529233289,839
14533,PROD-002,North,2024-12-14,383.28,66,8188316760808062,454
12261,PROD-001,North,2024-12-14,365.5,22,5157223270316462,489
10165,PROD-044,South,2024-12-14,319.57,7,5290087667678631,582
13387,PROD-000,West,2024-12-15,302.41,69,4504857799451794,781
13667,PROD-074,South,2024-12-15,205.69,95,6093228341920733,356
14463,PROD-050,Central,2024-12-16,176.27,68,4785911200071387,396
12142,PROD-083,Central,2024-12-16,275.66,34,6593665644751716,469
14674,PROD-090,West,2024-12-17,337.79,16,7043421296105870,833
14457,PROD-096,West,2024-12-17,21.3,22,3911645296087392,577
14067,PROD-023,Central,2024-12-17,230.5,17,5775164822652139,255
11348,PROD-074,North,2024-12-18,467.96,50,2527732214188081,547
13154,PROD-075,East,2024-12-18,228.01,100,2049315050219176,350
14831,PROD-010,North,2024-12-18,272.95,19,7261849589681978,903
12878,PROD-036,West,2024-12-18,471.43,87,3901435151453292,154
12297,PROD-024,East,2024-12-18,187.2,6,6582187722472345,333
14316,PROD-052,South,2024-12-19,443.0,60,7441932015304999,810
13767,PROD-067,Central,2024-12-19,353.29,28,4466879263502339,762
14883,PROD-058,East,2024-12-19,489.38,29,2320263333216856,785
14909,PROD-064,South,2024-12-20,254.14,42,4670167158478214,127
14908,PROD-090,Central,2024-12-20,249.32,77,1790672648524978,650
10578,PROD-049,North,2024-12-20,143.51,93,3133557460122518,476
11216,PROD-026,Central,2024-12-20,51.0,76,7181422706374906,736
11270,PROD-010,Central,2024-12-21,37.68,61,3704298452684729,613
13435,PROD-058,Central,2024-12-21,325.66,2,3388260014480294,340
14890,PROD-078,West,2024-12-21,426.95,73,3734622535278578,260
12588,PROD-097,East,2024-12-21,202.78,57,8691543782501259,222
11905,PROD-054,West,2024-12-22,406.91,17,2618727841816670,319
10916,PROD-072,West,2024-12-22,210.0,54,6577797332291598,703
13759,PROD-040,South,2024-12-22,94.28,85,7089196018043141,722
12822,PROD-082,Central,2024-12-22,178.56,51,5386323715073875,209
13620,PROD-072,Central,2024-12-22,32.75,88,5824459125741789,871
14208,PROD-019,Central,2024-12-23,199.43,47,6967268168896063,750
12617,PROD-036,West,2024-12-23,423.76,38,5681170328309271,612
12517,PROD-096,North,2024-12-23,359.84,25,4737719456893395,930
10005,PROD-026,Central,2024-12-24,274.01,23,3004539915255362,642
10956,PROD-069,South,2024-12-24,479.77,71,1809626485601476,897
14350,PROD-064,Central,2024-12-24,329.84,85,6490356705036596,912
14264,PROD-090,West,2024-12-24,173.59,88,4328588071338091,463
13512,PROD-071,North,2024-12-24,420.79,32,7994424076604167,332
11390,PROD-069,North,2024-12-24,103.14,74,5906585795968428,418
14236,PROD-037,Central,2024-12-25,19.23,26,5389976695047497,699
11964,PROD-024,East,2024-12-25,340.53,86,2379003145669584,456
10931,PROD-056,North,2024-12-25,329.23,3,1320055268950168,107
10288,PROD-039,North,2024-12-25,408.75,47,3614619809960804,797
14378,PROD-047,South,2024-12-25,406.6,82,4553453498684398,274
13592,PROD-020,West,2024-12-25,406.33,3,2830810981271349,753
10341,PROD-028,West,2024-12-26,135.28,30,6400090430413726,286
11100,PROD-070,South,2024-12-26,77.16,68,2904710824184707,423
13693,PROD-018,South,2024-12-27,199.74,9,8174117622400092,787
12762,PROD-003,West,2024-12-27,280.83,56,1340948743228922,765
13554,PROD-084,South,2024-12-27,418.87,22,6039854311866078,170
10713,PROD-010,Central,2024-12-28,282.25,59,8355143696939443,182
10906,PROD-060,North,2024-12-28,460.69,3,8315832777257756,471
12562,PROD-061,Central,2024-12-28,470.57,35,3066835154357677,881
14669,PROD-079,Central,2024-12-28,30.38,38,6555143382851453,419
14685,PROD-050,West,2024-12-28,238.07,40,5299955646226220,998
13454,PROD-030,South,2024-12-28,164.72,69,7773906732747733,599
12330,PROD-072,East,2024-12-28,428.91,95,1145108930189482,176
14354,PROD-090,Central,2024-12-28,100.38,6,7369850823343005,839
13628,PROD-032,North,2024-12-28,28.95,84,3842813383904453,464
12949,PROD-040,South,2024-12-29,442.34,18,4215788726667735,441
13692,PROD-051,East,2024-12-29,281.26,58,2293208382967392,696
10306,PROD-048,North,2024-12-30,365.68,24,6119973325068089,923
10011,PROD-092,West,2024-12-31,357.17,59,2089398441772787,764
14858,PROD-037,West,2024-12-31,413.37,96,6212081056022058,313
10084,PROD-049,North,2024-12-31,142.32,72,6863977190462568,149
12169,PROD-043,West,2024-12-31,150.08,83,7528079401905926,360
10472,PROD-073,North,2025-01-01,154.74,78,5963843103296206,702
13239,PROD-006,East,2025-01-03,347.74,60,7709422091893777,239
11051,PROD-071,North,2025-01-03,462.15,23,1155311527980793,787
10447,PROD-019,West,2025-01-03,420.18,18,5664029638456583,130
10072,PROD-008,Central,2025-01-03,171.66,92,1280227886177811,693
12599,PROD-013,South,2025-01-03,385.18,42,1130950030485011,572
13115,PROD-030,Central,2025-01-03,55.39,26,7061655543841557,608
14570,PROD-012,West,2025-01-04,175.19,10,5077857663408090,332
10657,PROD-050,Central,2025-01-04,378.18,37,6554780910295470,309
11491,PROD-021,Central,2025-01-04,426.69,47,6994560514870796,696
14927,PROD-096,North,2025-01-05,194.29,9,7349204470846360,143
10238,PROD-077,South,2025-01-05,326.48,8,2544734559403671,844
12990,PROD-098,North,2025-01-05,161.92,21,2443940159083778,412
13233,PROD-047,East,2025-01-05,282.93,9,1964298734224352,849
12244,PROD-043,South,2025-01-05,245.11,94,2679005142565706,299
13605,PROD-021,North,2025-01-06,184.4,18,6587431347910222,903
13006,PROD-068,North,2025-01-06,344.28,10,2377775596536894,901
13933,PROD-027,East,2025-01-06,114.3,79,6044828727419188,912
11782,PROD-056,North,2025-01-06,375.91,42,6182829850795303,458
14430,PROD-003,East,2025-01-07,158.0,24,5921237146347520,172
13649,PROD-057,North,2025-01-07,365.67,98,5165568340215175,106
11205,PROD-005,North,2025-01-07,214.13,100,1870684355631047,938
14666,PROD-025,East,2025-01-07,400.12,22,8238408902740562,485
13521,PROD-014,South,2025-01-08,411.18,11,1419872484691081,407
12292,PROD-089,West,2025-01-08,443.96,94,1772744212236275,573
13632,PROD-069,East,2025-01-08,219.41,59,2200518051159669,695
11759,PROD-059,East,2025-01-09,283.23,24,2156984592989564,895
10251,PROD-043,West,2025-01-09,459.21,26,6812616465768489,324
10186,PROD-038,North,2025-01-09,150.74,73,6555511834048482,225
13874,PROD-082,West,2025-01-09,158.91,58,3974879726970240,990
10529,PROD-072,Central,2025-01-09,375.65,73,1744775526519023,252
10405,PROD-030,West,2025-01-09,270.64,48,6997296850802292,710
10948,PROD-051,North,2025-01-09,135.24,7,3543077368697331,355
11347,PROD-072,West,2025-01-10,374.29,27,8645091231629351,990
12991,PROD-080,South,2025-01-10,99.48,58,6988543155458937,297
14344,PROD-020,North,2025-01-10,226.26,35,6653930332528689,786
13896,PROD-033,North,2025-01-10,390.45,49,8729549757534329,145
12552,PROD-094,East,2025-01-10,456.51,6,1316936653671269,298
13415,PROD-087,Central,2025-01-10,489.42,30,4085216273788637,130
14676,PROD-057,South,2025-01-11,363.53,26,1373733690645767,775
12262,PROD-092,South,2025-01-11,100.8,68,1640294819269449,370
10401,PROD-051,North,2025-01-11,305.05,87,5499960918174488,739
12948,PROD-083,East,2025-01-11,93.73,12,3902233803188842,967
11581,PROD-024,West,2025-01-11,424.83,16,1466866597005975,641
12559,PROD-030,North,2025-01-12,116.51,96,4777440058840906,370
12137,PROD-089,Central,2025-01-12,466.83,87,5653115372971933,405
12776,PROD-098,Central,2025-01-12,98.22,90,8212322681911252,475
11262,PROD-089,South,2025-01-12,358.1,97,6571480782917189,561
10410,PROD-086,South,2025-01-12,438.45,74,6812617293126074,573
12919,PROD-040,North,2025-01-12,275.0,55,1109043667079929,315
12834,PROD-031,West,2025-01-12,213.6,11,3925327167571596,959
12538,PROD-006,East,2025-01-13,216.26,10,6740675834595464,697
10757,PROD-008,West,2025-01-13,490.07,12,8470319476329694,306
14763,PROD-031,East,2025-01-13,159.43,40,4764200166755554,619
10468,PROD-084,East,2025-01-13,13.19,14,1443999159586251,766
14402,PROD-049,Central,2025-01-13,480.55,58,4642359649908005,724
14608,PROD-071,North,2025-01-14,429.78,56,7170357800354161,944
12917,PROD-007,North,2025-01-14,309.4,84,2993048507800217,182
13638,PROD-083,North,2025-01-14,324.39,2,3266696393472955,909
10644,PROD-024,Central,2025-01-14,176.79,28,7955110293594816,715
13041,PROD-062,Central,2025-01-14,467.74,21,5496823056563086,536
10952,PROD-009,Central,2025-01-14,168.28,94,8157835953450905,948
10455,PROD-074,North,2025-01-15,137.5,93,8081259018620614,425
14139,PROD-008,Central,2025-01-15,27.17,76,5407312296185824,324
13262,PROD-070,Central,2025-01-15,415.84,100,1648491904788444,366
11800,PROD-002,North,2025-01-15,465.15,98,1290597639195773,399
11718,PROD-010,West,2025-01-15,337.41,89,8776834420786679,536
13503,PROD-079,East,2025-01-16,55.95,26,2568352074016261,542
10260,PROD-098,North,2025-01-16,264.82,98,6740552237672850,483
11474,PROD-050,South,2025-01-16,209.35,46,1865726390168572,790
10559,PROD-009,Central,2025-01-16,419.83,61,3006972634015318,221
12155,PROD-082,East,2025-01-16,246.18,45,8157166007973693,965
11913,PROD-030,North,2025-01-17,494.58,47,4915618194037993,278
11799,PROD-035,West,2025-01-17,252.73,78,5346590518329369,256
13077,PROD-023,East,2025-01-18,471.24,29,8428577766276924,356
12163,PROD-018,West,2025-01-18,199.52,69,2826370331147413,772
11002,PROD-069,East,2025-01-19,141.54,65,4620508625151497,189
12491,PROD-059,North,2025-01-19,176.7,82,4339586819211894,985
14649,PROD-014,West,2025-01-19,389.6,57,5024609568547517,866
12828,PROD-025,Central,2025-01-19,439.69,69,1358661937854485,448
11277,PROD-017,Central,2025-01-21,29.15,27,2942868423417225,525
12444,PROD-075,South,2025-01-21,18.74,19,3975967540601682,918
10900,PROD-017,Central,2025-01-21,440.05,36,2080385076905064,878
14089,PROD-023,West,2025-01-21,240.06,40,2828953146573239,787
13400,PROD-053,North,2025-01-21,238.72,52,3722265518777911,982
12427,PROD-056,North,2025-01-22,469.1,14,5249051328600160,102
14249,PROD-075,West,2025-01-22,162.21,4,6333898365296214,107
13428,PROD-094,West,2025-01-22,143.81,33,3313203957955179,872
11534,PROD-084,North,2025-01-23,284.46,20,3265051796615333,202
14302,PROD-066,North,2025-01-23,170.77,75,2209737529159486,957
11007,PROD-070,East,2025-01-23,211.32,23,7621545390460839,123
13729,PROD-045,East,2025-01-23,278.64,66,7186976910565452,893
14832,PROD-072,Central,2025-01-23,280.18,51,7674697185569661,850
13799,PROD-071,North,2025-01-23,298.67,11,8395817079042896,308
11867,PROD-018,Central,2025-01-23,410.73,24,2297249947147817,281
11334,PROD-069,East,2025-01-23,424.65,66,5441058267139181,471
10475,PROD-044,South,2025-01-24,370.12,76,8314035763014088,867
12471,PROD-080,Central,2025-01-25,135.4,98,2975238485395415,408
13868,PROD-014,Central,2025-01-25,392.83,8,6958095620957070,946
14234,PROD-001,West,2025-01-25,305.13,25,8151775625321393,558
10993,PROD-006,East,2025-01-25,143.52,4,1019509933544634,893
13362,PROD-034,Central,2025-01-25,197.23,95,1730874726219438,886
14590,PROD-002,North,2025-01-26,53.32,32,3883178900586188,884
10098,PROD-099,North,2025-01-26,470.26,90,7886984904700768,633
12587,PROD-039,East,2025-01-26,484.53,33,2984446881522623,465
14002,PROD-098,South,2025-01-27,216.29,39,4504683775289896,537
10298,PROD-088,North,2025-01-27,429.99,45,3941524768403268,259
10589,PROD-069,South,2025-01-27,95.31,38,1874947361279243,479
14292,PROD-032,East,2025-01-28,447.2,60,1239001490285153,564
12964,PROD-025,East,2025-01-28,314.95,99,2078040142129411,510
10717,PROD-032,South,2025-01-28,292.22,53,3219597300296094,453
11062,PROD-038,North,2025-01-28,436.67,49,6324746080679746,240
13390,PROD-094,West,2025-01-28,322.4,99,6634842552327719,961
11295,PROD-036,Central,2025-01-29,16.64,55,2239208560235734,476
13941,PROD-060,East,2025-01-29,486.32,99,4686175876119888,509
11587,PROD-088,East,2025-01-29,143.8,10,7864754883370098,354
10629,PROD-098,East,2025-01-30,192.89,43,7891805237557090,944
13364,PROD-061,Central,2025-01-30,238.98,33,2883423918396526,537
10724,PROD-020,North,2025-01-30,131.2,67,4590433126178771,407
13330,PROD-034,Central,2025-01-30,134.58,46,7758246806072046,571
10530,PROD-051,Central,2025-01-31,407.73,7,7548364753407047,445
13934,PROD-071,West,2025-01-31,234.69,71,6924438209502396,591
13319,PROD-087,East,2025-01-31,352.5,84,7856573908787234,936
12172,PROD-070,West,2025-02-01,114.62,81,1672881660130620,904
12779,PROD-075,West,2025-02-01,470.27,72,2712599612736395,176
10541,PROD-062,West,2025-02-02,459.97,63,8975422936194371,235
10077,PROD-095,Central,2025-02-02,294.1,36,6769434063576450,452
12356,PROD-002,Central,2025-02-03,252.11,67,7590995084055786,441
10790,PROD-013,North,2025-02-03,115.42,24,6084276926598680,175
11819,PROD-038,North,2025-02-04,174.7,32,7183742451946404,355
14387,PROD-078,East,2025-02-04,48.93,75,7208427404774830,198
12304,PROD-026,West,2025-02-04,318.57,53,6133873994806598,347
11010,PROD-085,North,2025-02-04,363.89,92,3010566041471696,798
14226,PROD-076,North,2025-02-04,139.93,8,8974762786727753,467
10022,PROD-059,West,2025-02-05,161.54,72,8968598407940220,794
11228,PROD-051,South,2025-02-05,417.37,6,7043096248900654,426
14726,PROD-099,South,2025-02-06,187.4,60,6707931666036477,848
13298,PROD-072,East,2025-02-06,21.19,68,6262027472040614,172
13349,PROD-029,East,2025-02-06,397.82,35,4121093598894497,147
12493,PROD-086,North,2025-02-06,72.73,80,1516717532316908,850
10148,PROD-099,East,2025-02-06,78.69,12,1939988448301124,792
12437,PROD-048,North,2025-02-06,490.13,43,6781827318097139,499
11490,PROD-031,North,2025-02-07,346.15,17,5569855646821823,941
14635,PROD-020,North,2025-02-07,36.15,11,3252115297189128,894
13917,PROD-067,East,2025-02-07,270.82,10,3521796531562692,598
12201,PROD-000,East,2025-02-07,469.59,50,5680992257808342,978
14403,PROD-077,North,2025-02-08,343.26,69,3887751762709314,212
11574,PROD-063,East,2025-02-08,459.49,74,2813092795442786,433
12468,PROD-017,South,2025-02-08,295.16,11,5435398232193287,854
12068,PROD-010,Central,2025-02-08,210.59,40,7305480020813828,481
10147,PROD-033,South,2025-02-09,448.37,3,2083898175384783,863
12486,PROD-080,North,2025-02-09,28.04,82,3140279735784370,504
13370,PROD-066,North,2025-02-09,305.92,71,1048958707819258,183
12452,PROD-049,East,2025-02-10,474.15,37,8685317283340141,830
13544,PROD-075,North,2025-02-10,389.82,23,2040338114905151,885
13439,PROD-075,North,2025-02-10,419.09,22,7488945766548819,100
13504,PROD-020,West,2025-02-10,444.92,89,6474629929762837,338
14929,PROD-013,East,2025-02-10,103.53,80,1019932481203808,503
12186,PROD-074,Central,2025-02-10,124.95,86,6135159723017778,815
14297,PROD-098,South,2025-02-10,101.04,12,2758834270312458,653
13133,PROD-084,Central,2025-02-11,178.15,92,1134653132534571,434
14991,PROD-091,West,2025-02-11,108.84,24,4540554632778428,600
14787,PROD-076,North,2025-02-11,131.03,50,7161470820437793,909
14080,PROD-081,South,2025-02-12,417.41,42,4557938785568145,663
13928,PROD-090,North,2025-02-12,303.33,5,3644667307680735,727
11087,PROD-063,North,2025-02-12,209.32,25,8102294519602050,727
10512,PROD-082,South,2025-02-12,142.28,40,7547360834106425,208
13881,PROD-065,Central,2025-02-13,12.29,21,2240994512765088,994
13502,PROD-039,West,2025-02-13,264.91,27,1904606077240676,830
11648,PROD-001,North,2025-02-13,479.2,32,1224794145756308,731
11052,PROD-087,North,2025-02-13,69.45,92,2013236947440449,524
14049,PROD-062,East,2025-02-13,144.41,78,6747070121248271,930
14808,PROD-043,North,2025-02-13,31.12,22,7659032699788875,304
10056,PROD-063,North,2025-02-14,213.63,7,5496952236306436,746
14395,PROD-022,North,2025-02-14,327.42,77,6498587820331007,408
13863,PROD-080,North,2025-02-14,356.74,40,8023797544081187,814
10885,PROD-026,South,2025-02-15,163.31,84,6455487998965844,656
14578,PROD-045,South,2025-02-15,493.35,33,4361440271236192,705
14672,PROD-020,East,2025-02-15,61.53,47,6229856137166563,475
11189,PROD-054,Central,2025-02-15,260.8,42,4442226707854065,373
13178,PROD-002,East,2025-02-15,234.03,20,7838144136753944,546
10366,PROD-080,West,2025-02-15,446.27,70,5074346363610953,695
10081,PROD-070,South,2025-02-16,156.62,60,2860242372190790,226
14076,PROD-010,West,2025-02-16,80.21,94,6757453723155736,497
14888,PROD-005,North,2025-02-16,310.24,58,4355118906679094,442
12640,PROD-053,West,2025-02-16,51.36,9,8099830487583596,149
14068,PROD-057,West,2025-02-16,472.73,52,4201013708759229,868
14020,PROD-022,West,2025-02-16,164.31,76,3635168209805848,768
13184,PROD-012,North,2025-02-16,473.1,37,6698754576434068,858
14104,PROD-064,North,2025-02-17,82.78,6,3499448378948449,783
13633,PROD-090,Central,2025-02-17,359.94,32,3178428478710688,292
14232,PROD-019,Central,2025-02-17,60.17,81,8918237842843053,756
13937,PROD-067,North,2025-02-17,85.5,95,8121384226116718,818
12888,PROD-070,Central,2025-02-18,326.01,13,7857381947364480,377
12489,PROD-045,East,2025-02-18,163.55,8,3527189754702026,521
11985,PROD-047,West,2025-02-18,457.1,86,4625361402960036,490
13846,PROD-056,West,2025-02-18,149.62,66,1045567947930624,756
12987,PROD-075,South,2025-02-18,89.49,28,2876927663059006,618
12897,PROD-014,South,2025-02-18,90.47,48,5866493588295636,106
14409,PROD-031,East,2025-02-19,320.95,71,5307407077794312,594
13519,PROD-097,South,2025-02-19,195.16,89,3723263439787065,282
14657,PROD-006,East,2025-02-19,118.91,23,8741183513902307,914
10569,PROD-056,North,2025-02-19,122.56,55,5665160062425777,329
14177,PROD-039,South,2025-02-19,497.22,87,8610788391828845,187
10017,PROD-066,West,2025-02-19,144.47,83,6026224885845068,312
14538,PROD-077,West,2025-02-20,280.4,28,2688815134091780,220
12574,PROD-019,North,2025-02-20,125.67,60,2441566075284331,197
10831,PROD-077,North,2025-02-20,219.23,61,1480964667240503,518
13060,PROD-042,East,2025-02-20,202.19,64,6413071913305329,806
12270,PROD-055,East,2025-02-21,381.45,50,4091642577544590,675
13328,PROD-091,East,2025-02-21,59.06,87,5036993143094157,444
11293,PROD-020,South,2025-02-21,304.07,33,5022278530183985,507
11431,PROD-039,South,2025-02-21,360.2,62,7909837917970660,890
11785,PROD-065,South,2025-02-22,327.55,30,4153981706624167,721
10989,PROD-007,West,2025-02-22,67.84,26,1831026585495125,855
11954,PROD-095,West,2025-02-23,457.26,72,7700017437743917,268
11275,PROD-022,Central,2025-02-23,496.99,70,2968295208202300,405
13279,PROD-085,South,2025-02-23,445.69,44,6823979312392648,400
12065,PROD-030,East,2025-02-24,493.77,58,3034481120101565,165
11339,PROD-057,East,2025-02-24,480.23,80,3790644496331248,818
10334,PROD-098,North,2025-02-25,15.52,78,4716804862690480,116
12046,PROD-090,East,2025-02-25,207.98,74,6953415850086540,940
13214,PROD-051,Central,2025-02-25,172.56,73,7088444179464797,679
11478,PROD-024,Central,2025-02-25,169.77,19,6178213803388382,914
13598,PROD-061,East,2025-02-25,36.91,17,6817067897912529,349
11424,PROD-023,Central,2025-02-26,448.64,45,4667647807692605,211
13075,PROD-021,Central,2025-02-26,397.51,7,4730656077848136,452
11394,PROD-023,East,2025-02-26,208.61,30,6592443679460630,930
10996,PROD-004,East,2025-02-27,413.2,22,1984509140898442,923
13552,PROD-064,Central,2025-02-27,398.04,75,2323402160071127,384
11343,PROD-031,South,2025-02-27,247.11,34,6063867803030689,939
13808,PROD-068,East,2025-02-28,288.21,15,8196410952620080,131
11069,PROD-017,North,2025-02-28,70.77,16,8096035820379036,576
10689,PROD-051,North,2025-02-28,323.75,92,4605682385889195,236
10149,PROD-017,East,2025-02-28,101.21,26,6166800661100238,826
11681,PROD-056,North,2025-02-28,272.66,82,2248792352313801,389
10776,PROD-023,Central,2025-02-28,350.16,99,7814326961452733,984
14493,PROD-036,West,2025-02-28,228.65,97,7992873050267502,777
11369,PROD-067,North,2025-02-28,336.02,11,3849328996219898,808
12787,PROD-052,Central,2025-03-01,464.04,9,2608544159486007,196
13300,PROD-011,Central,2025-03-01,69.45,45,6435625404144303,916
10319,PROD-098,West,2025-03-01,111.61,85,5235482488345288,168
11093,PROD-025,West,2025-03-01,481.07,8,6656449559946327,746
14780,PROD-003,East,2025-03-02,288.95,52,4698686911754340,124
11157,PROD-077,East,2025-03-02,161.37,39,4534896207816952,341
10564,PROD-021,East,2025-03-02,191.81,74,5932523985633735,630
12706,PROD-069,West,2025-03-02,436.8,86,6093611096808873,210
14345,PROD-015,East,2025-03-02,283.27,15,4810484267241764,627
13963,PROD-012,West,2025-03-02,115.11,10,7347531396048230,593
11738,PROD-028,North,2025-03-02,130.98,78,3858320100847287,920
10839,PROD-075,East,2025-03-03,101.8,98,2506589910702252,211
12057,PROD-040,North,2025-03-03,478.86,88,5238534196082192,290
13479,PROD-086,South,2025-03-03,487.16,8,3749528366249070,956
13408,PROD-016,West,2025-03-04,33.64,72,4935561580139842,844
12767,PROD-058,East,2025-03-04,356.95,38,8685129262797913,660
12259,PROD-025,North,2025-03-04,58.57,25,3617445988507583,617
12445,PROD-019,West,2025-03-04,441.88,13,7584382786671772,784
14586,PROD-024,East,2025-03-04,115.03,66,7346291720981511,455
14019,PROD-034,Central,2025-03-04,229.04,60,3183967738441279,570
11161,PROD-071,West,2025-03-05,285.02,45,1924529808262773,767
10695,PROD-050,South,2025-03-05,218.79,35,7610730500086677,925
11567,PROD-017,West,2025-03-05,391.06,29,5524541155299418,295
14097,PROD-046,West,2025-03-05,78.88,86,1954751186373013,491
11598,PROD-045,Central,2025-03-05,406.36,29,6494579890088425,574
13173,PROD-061,Central,2025-03-05,460.45,69,3907164163910488,487
14856,PROD-016,Central,2025-03-05,46.61,8,1397965320318988,506
10610,PROD-039,East,2025-03-05,293.84,4,7484643849972178,938
11372,PROD-097,South,2025-03-06,121.1,48,2853238953628451,845
12845,PROD-058,Central,2025-03-06,342.07,51,3440591239238308,289
12946,PROD-091,West,2025-03-06,403.04,31,3339041751928646,784
11094,PROD-039,North,2025-03-07,381.65,54,1341630000297655,314
14678,PROD-052,North,2025-03-07,86.49,14,1377439612555200,888
11565,PROD-044,Central,2025-03-07,84.29,71,4614004077560938,933
13389,PROD-050,East,2025-03-07,29.26,17,6611329747492399,970
11060,PROD-062,East,2025-03-07,157.75,61,8699829701440094,918
13595,PROD-054,East,2025-03-08,202.85,12,8398014638279478,123
13078,PROD-090,East,2025-03-08,264.86,90,8681002346396284,577
10912,PROD-016,West,2025-03-08,164.63,76,2328139814510026,458
14186,PROD-035,North,2025-03-08,67.64,82,4266746281661036,622
14084,PROD-049,West,2025-03-08,457.83,11,3445913329322041,136
11192,PROD-081,Central,2025-03-09,450.89,82,1047067714780177,928
11435,PROD-074,East,2025-03-09,68.38,100,7076929480714921,915
13956,PROD-084,North,2025-03-10,105.81,28,2374387909571253,233
10205,PROD-062,East,2025-03-10,129.23,94,6637873379882865,255
14695,PROD-079,North,2025-03-10,494.62,84,4075236725392692,261
12730,PROD-040,North,2025-03-10,80.06,14,2810751412311882,185
11649,PROD-096,West,2025-03-10,175.22,98,3418835106235677,754
12011,PROD-084,West,2025-03-10,477.7,56,6129582663781653,746
12393,PROD-022,Central,2025-03-11,271.84,1,7780086385716624,365
12463,PROD-082,East,2025-03-11,203.64,70,5730636977852080,988
13122,PROD-054,North,2025-03-12,333.59,55,3192276349840938,487
12024,PROD-066,East,2025-03-12,406.46,3,4965405245318437,951
11151,PROD-035,South,2025-03-12,19.35,74,2713924036062343,625
13085,PROD-001,Central,2025-03-12,194.51,60,8186649749627853,163
14535,PROD-066,West,2025-03-12,430.76,32,1648603005870547,151
13493,PROD-085,East,2025-03-12,347.76,28,7289607852963141,243
14352,PROD-034,South,2025-03-13,459.68,52,5194713498913237,499
10198,PROD-058,Central,2025-03-13,385.36,63,5051277707207516,883
14434,PROD-069,North,2025-03-13,94.86,67,1640786261378516,768
12600,PROD-065,South,2025-03-13,274.14,67,8749847399365888,152
11184,PROD-017,East,2025-03-13,362.53,16,2753533812379864,483
11638,PROD-025,West,2025-03-13,353.88,90,8511667937806180,549
12358,PROD-031,East,2025-03-13,37.22,61,1996109116695285,987
10047,PROD-078,East,2025-03-14,69.36,27,3720101934720393,458
14734,PROD-057,North,2025-03-14,265.77,57,7967566047796040,231
11909,PROD-061,South,2025-03-14,435.87,14,1607354250041179,857
12173,PROD-086,East,2025-03-14,160.86,95,2098302539627392,463
13442,PROD-025,East,2025-03-14,422.56,56,5590476125265333,912
11661,PROD-053,East,2025-03-14,43.22,52,7049289537950555,563
11447,PROD-006,North,2025-03-14,382.99,60,8471438819365614,365
13965,PROD-072,North,2025-03-15,421.65,63,1331870479189129,595
14281,PROD-007,East,2025-03-15,405.97,71,3235305653874343,250
10242,PROD-043,South,2025-03-15,118.01,8,5207444596468781,602
10311,PROD-015,South,2025-03-15,225.48,92,6570192935352667,154
13895,PROD-045,South,2025-03-15,19.31,91,8554633819275455,210
13206,PROD-013,East,2025-03-15,466.19,91,8423080892178604,140
11076,PROD-033,South,2025-03-15,158.0,72,4193433262956668,828
11092,PROD-028,West,2025-03-16,18.9,94,5595481403929693,662
12051,PROD-061,West,2025-03-16,19.27,52,7240191875869479,809
13369,PROD-062,South,2025-03-16,336.81,74,8078425555305689,997
10209,PROD-096,South,2025-03-16,28.77,12,6697600638826824,683
13343,PROD-091,East,2025-03-16,217.76,39,6899659361219839,807
11054,PROD-063,South,2025-03-17,414.54,95,6914998261303894,755
10671,PROD-013,South,2025-03-17,76.37,19,2791910340376804,908
10100,PROD-045,North,2025-03-17,247.16,45,4293503646958063,943
14810,PROD-021,North,2025-03-17,236.9,51,7226761382052270,476
12506,PROD-052,West,2025-03-17,205.06,33,5712690832848544,547
13305,PROD-028,North,2025-03-18,210.31,39,5525241409468991,135
11928,PROD-010,Central,2025-03-18,167.33,59,1533560837929825,649
11526,PROD-019,South,2025-03-18,340.34,32,5913787643969088,907
10628,PROD-082,South,2025-03-19,56.5,34,2338162628495234,231
12379,PROD-039,West,2025-03-19,27.86,32,8967088301404294,451
13531,PROD-077,Central,2025-03-19,455.93,21,2768346317807137,979
12857,PROD-003,Central,2025-03-19,348.52,15,5637283367989623,543
14437,PROD-088,Central,2025-03-19,357.5,82,6886155722871462,868
10730,PROD-034,North,2025-03-20,377.83,7,6220234767791730,681
12997,PROD-013,West,2025-03-20,311.62,93,6425974131647432,360
11440,PROD-071,East,2025-03-20,378.09,64,6496522331201854,109
10883,PROD-030,North,2025-03-20,85.57,15,2888521581069840,941
11320,PROD-043,East,2025-03-21,221.66,21,4786434644019291,108
10339,PROD-038,North,2025-03-21,235.01,53,8664817873115060,205
14213,PROD-047,West,2025-03-21,15.31,20,5913059340336572,890
14705,PROD-094,West,2025-03-21,181.67,64,5273777969068210,592
12153,PROD-022,Central,2025-03-21,10.67,17,2817287157667501,396
14725,PROD-014,East,2025-03-21,370.94,55,4634861522171840,834
10132,PROD-026,Central,2025-03-21,215.25,40,2639976533455413,781
12812,PROD-021,South,2025-03-22,279.3,78,8955925074069085,139
12154,PROD-040,South,2025-03-22,329.23,50,6698847500346722,362
12378,PROD-046,North,2025-03-22,37.18,22,6232049865728551,201
14465,PROD-005,North,2025-03-22,361.82,59,1508907393988497,575
11500,PROD-061,North,2025-03-22,27.57,50,1287788268571560,757
13879,PROD-089,South,2025-03-23,256.65,54,3005941433371741,530
14491,PROD-017,Central,2025-03-23,44.17,40,1574886388735440,502
11559,PROD-004,East,2025-03-24,287.71,88,7193868352641306,903
14355,PROD-046,North,2025-03-24,455.42,37,1523080623001827,501
12520,PROD-084,Central,2025-03-24,32.23,89,7133745157606350,763
11900,PROD-007,North,2025-03-24,416.85,86,7132746761057958,416
12583,PROD-066,West,2025-03-24,467.74,38,7726110050169413,581
11843,PROD-058,North,2025-03-24,447.38,71,1014582120111529,998
14288,PROD-030,South,2025-03-25,14.87,86,5138670281708902,527
12558,PROD-023,Central,2025-03-25,216.34,56,8986598161206867,123
11628,PROD-084,Central,2025-03-25,58.48,80,7473736325571464,868
14973,PROD-027,South,2025-03-25,112.75,87,1074816212076875,537
13476,PROD-098,Central,2025-03-25,120.78,95,5644297591529104,344
14163,PROD-052,North,2025-03-25,25.21,97,1971616051867507,711
10440,PROD-053,Central,2025-03-26,403.5,5,7625893300859362,213
13254,PROD-076,East,2025-03-27,485.77,23,2281033120321653,747
10318,PROD-053,East,2025-03-27,240.6,12,8413775050095606,917
14108,PROD-089,North,2025-03-27,66.0,78,8420004079809276,437
12092,PROD-071,East,2025-03-27,27.63,35,7821197248520196,275
14821,PROD-082,West,2025-03-28,458.18,24,2912105067687225,240
14884,PROD-026,Central,2025-03-28,215.41,38,3968322654242197,187
13784,PROD-084,Central,2025-03-28,268.74,98,2314627924519884,814
13281,PROD-006,Central,2025-03-28,91.79,39,2374650991215372,905
10584,PROD-097,East,2025-03-28,112.34,60,6125137104019753,507
11434,PROD-049,East,2025-03-28,199.61,3,6299851714090646,203
11049,PROD-098,North,2025-03-28,186.75,29,4245764079316242,900
14580,PROD-059,West,2025-03-29,115.46,28,1804674609139310,695
12523,PROD-012,North,2025-03-29,75.13,84,1172266273579047,871
14943,PROD-019,East,2025-03-29,227.22,70,3605466066618612,592
13072,PROD-097,North,2025-03-29,268.89,88,6688464445478704,404
12182,PROD-078,North,2025-03-29,140.13,54,1779245091527276,272
13819,PROD-073,North,2025-03-29,263.16,25,8123305083419629,750
12111,PROD-006,West,2025-03-30,35.5,18,7563648804655836,295
14910,PROD-064,South,2025-03-30,455.19,6,4708132576022279,527
12138,PROD-073,North,2025-03-30,365.49,16,2564360506065508,782
11495,PROD-090,West,2025-03-31,323.0,3,4108810210735330,520
11083,PROD-064,East,2025-03-31,212.65,63,3457534784465856,338
12403,PROD-032,North,2025-03-31,350.28,99,8546296613631878,887
13977,PROD-063,Central,2025-04-01,282.91,62,4121348380829250,703
13623,PROD-094,South,2025-04-01,85.19,35,7812483706680012,695
10710,PROD-062,North,2025-04-01,203.38,8,6858587446583463,262
11828,PROD-015,West,2025-04-01,91.85,46,1794716049067344,292
11318,PROD-073,East,2025-04-01,147.69,67,8590384228510214,948
11016,PROD-099,East,2025-04-02,492.23,33,2622331662393016,683
11915,PROD-012,Central,2025-04-02,182.02,65,7692144129534814,176
11890,PROD-083,West,2025-04-02,261.83,80,2538737062907138,333
10259,PROD-067,East,2025-04-02,62.5,12,5702953213867920,171
10353,PROD-001,Central,2025-04-02,379.91,14,5259229210376078,632
13285,PROD-070,Central,2025-04-02,157.21,40,1825653321232753,337
14878,PROD-014,North,2025-04-02,415.67,87,1182923719420631,609
10680,PROD-049,North,2025-04-02,164.62,11,2871686986308628,324
10965,PROD-019,West,2025-04-03,71.82,8,8146627458632574,662
13162,PROD-007,Central,2025-04-03,201.01,44,6417664005310025,837
12974,PROD-055,West,2025-04-03,219.7,62,1960123316941927,871
14597,PROD-075,North,2025-04-03,285.91,51,3819082131614312,982
12661,PROD-031,West,2025-04-03,483.9,87,1476884395391907,381
14577,PROD-032,East,2025-04-04,469.25,41,6157016539330878,233
12864,PROD-012,Central,2025-04-04,414.49,46,5372835840574396,407
11677,PROD-043,North,2025-04-04,410.82,17,3931351472067811,114
14391,PROD-037,South,2025-04-04,266.87,78,2915793993148742,351
11949,PROD-042,Central,2025-04-04,104.73,64,6828363929723183,145
11274,PROD-012,North,2025-04-05,361.14,82,6253480845188185,678
14948,PROD-055,Central,2025-04-05,462.58,1,5951333591392101,641
12778,PROD-040,South,2025-04-05,204.59,7,2145312973087597,563
12449,PROD-065,West,2025-04-05,436.55,72,7024328437442768,763
11312,PROD-006,West,2025-04-05,52.09,30,7000858405904128,520
11839,PROD-044,Central,2025-04-05,288.05,61,2035960796379080,680
11196,PROD-059,North,2025-04-05,90.09,94,4837174815551549,667
14256,PROD-026,South,2025-04-06,435.89,56,6973468240038571,693
14857,PROD-024,North,2025-04-06,487.96,21,4428350575718750,726
14512,PROD-044,North,2025-04-07,350.83,94,7243065283429522,105
14384,PROD-059,East,2025-04-07,385.47,79,2479222648166892,190
14429,PROD-097,Central,2025-04-08,179.49,32,5526537453640725,947
14295,PROD-015,East,2025-04-08,22.43,39,6775653761542801,339
12293,PROD-071,North,2025-04-08,72.74,100,1521438309573848,578
10980,PROD-005,East,2025-04-08,168.42,25,7677361433630131,922
14190,PROD-031,East,2025-04-09,417.14,93,5563220421178275,123
12957,PROD-057,Central,2025-04-09,170.63,29,1745203696284829,914
14531,PROD-029,East,2025-04-09,196.77,66,5658731522137082,765
10745,PROD-036,West,2025-04-09,322.24,4,4373760768259262,330
14489,PROD-024,North,2025-04-09,109.15,46,6182959385117446,962
14956,PROD-047,East,2025-04-10,337.55,6,8038086966580254,449
13833,PROD-008,East,2025-04-10,118.22,9,6659939773065623,349
13036,PROD-094,East,2025-04-10,59.99,42,4118191459684004,664
11367,PROD-030,North,2025-04-10,275.29,47,4686113945665758,441
10107,PROD-032,Central,2025-04-10,306.06,66,7544708981990035,284
10383,PROD-052,North,2025-04-10,450.24,22,8197136914080132,218
14140,PROD-087,North,2025-04-10,271.66,100,3209372288753788,982
13550,PROD-070,South,2025-04-10,182.13,28,3239432889827637,373
12535,PROD-097,West,2025-04-10,84.14,35,8466396490201514,354
14047,PROD-058,South,2025-04-10,37.77,79,6901312661442097,754
11793,PROD-071,West,2025-04-11,469.78,42,4162495246098193,933
13327,PROD-066,West,2025-04-11,441.16,84,5505968789548815,894
11687,PROD-053,East,2025-04-12,347.21,25,4318944929613032,501
13777,PROD-086,South,2025-04-12,132.45,76,4707238298601219,411
12591,PROD-038,West,2025-04-12,367.33,22,7081215477548644,734
10879,PROD-089,South,2025-04-12,111.75,1,8407320463909997,864
13457,PROD-099,South,2025-04-13,47.08,57,8977257654906548,987
13023,PROD-018,South,2025-04-13,380.43,33,7943158883195256,712
12951,PROD-006,West,2025-04-13,181.09,74,2640334792953944,311
12059,PROD-068,North,2025-04-14,136.04,9,8406146843671915,148
12570,PROD-026,Central,2025-04-14,170.02,56,4922754070664373,211
14823,PROD-007,East,2025-04-14,213.94,43,1180254753948866,920
11191,PROD-057,East,2025-04-14,16.85,89,8158120167662267,972
13738,PROD-067,North,2025-04-15,479.82,59,3796554332741965,358
14775,PROD-078,South,2025-04-15,106.25,2,6369840959785972,138
12838,PROD-097,North,2025-04-15,116.45,19,5437437018108134,467
13557,PROD-091,North,2025-04-16,367.47,52,1188898306887992,142
11524,PROD-019,North,2025-04-16,84.05,90,7952042087716340,573
12982,PROD-000,North,2025-04-16,464.53,87,6135409559593488,798
12741,PROD-057,South,2025-04-16,48.41,14,3917225311883035,232
14444,PROD-099,East,2025-04-16,463.54,63,4183147037040618,117
11034,PROD-067,South,2025-04-16,467.85,74,1090714548308674,675
10088,PROD-029,East,2025-04-16,143.93,3,5033122937247363,497
13434,PROD-085,North,2025-04-17,435.62,63,3524807471701132,210
10799,PROD-044,North,2025-04-18,406.01,35,6359080394691746,164
13951,PROD-074,West,2025-04-18,180.65,5,5208157674043976,873
10607,PROD-055,Central,2025-04-18,332.79,83,2381557966732266,446
13076,PROD-064,Central,2025-04-19,332.2,26,2894396684313634,684
14008,PROD-009,West,2025-04-19,241.01,26,6801889578185441,331
12871,PROD-051,Central,2025-04-19,65.06,1,1436515921133795,667
12576,PROD-052,North,2025-04-19,371.64,54,8570155805985837,290
13062,PROD-064,North,2025-04-20,362.1,33,1805076300674457,810
10743,PROD-039,West,2025-04-20,32.88,2,8239300232874662,305
12470,PROD-095,North,2025-04-20,21.76,27,2253954020462063,352
12868,PROD-076,Central,2025-04-20,367.73,10,5608175525760088,542
10393,PROD-069,Central,2025-04-20,344.21,58,2762261430906417,831
11317,PROD-048,West,2025-04-20,452.32,86,5082489330290062,167
12103,PROD-078,Central,2025-04-20,233.02,51,7023299796950439,957
10959,PROD-088,West,2025-04-21,313.07,94,5477914353504659,900
12813,PROD-087,West,2025-04-21,109.64,67,8424104943015552,835
13011,PROD-037,South,2025-04-21,78.21,37,2065609842263454,143
12773,PROD-063,East,2025-04-21,219.97,12,6878073999522645,398
14030,PROD-053,East,2025-04-21,319.37,92,8132516026069530,481
12055,PROD-096,South,2025-04-22,42.55,49,8458020376579031,545
12498,PROD-003,Central,2025-04-22,281.76,77,5459560395799570,196
10588,PROD-016,North,2025-04-22,320.96,91,7160025719639661,428
13358,PROD-078,East,2025-04-22,266.19,35,3991972800509669,123
14717,PROD-024,East,2025-04-23,48.22,93,8973545972638526,940
14510,PROD-031,North,2025-04-23,498.49,20,2509245677283136,746
10275,PROD-024,Central,2025-04-23,70.9,86,6879316238777205,428
14575,PROD-079,East,2025-04-23,194.32,94,7713084891485041,271
13980,PROD-011,East,2025-04-23,355.29,34,1895349349625409,343
12746,PROD-076,West,2025-04-24,286.71,77,7270288082857691,457
12743,PROD-017,East,2025-04-24,317.64,99,3067898148276163,246
10305,PROD-091,South,2025-04-24,315.6,53,4912900584716098,532
13101,PROD-052,North,2025-04-24,200.84,51,5567710602092748,754
10887,PROD-041,Central,2025-04-25,129.54,45,1412485752776289,486
13756,PROD-071,West,2025-04-25,118.78,57,6696017226766963,603
13271,PROD-052,North,2025-04-25,470.97,2,5271121748517212,427
10374,PROD-001,North,2025-04-25,458.02,34,5902604957171480,888
11676,PROD-062,South,2025-04-25,68.79,13,2537996750611559,957
14283,PROD-028,South,2025-04-26,257.37,13,5811804560654864,583
11187,PROD-091,West,2025-04-26,68.83,51,5448652978752267,547
12899,PROD-065,North,2025-04-26,413.31,6,1409765746911555,880
12366,PROD-055,South,2025-04-27,171.31,91,2420852351795494,969
13797,PROD-060,Central,2025-04-27,281.66,34,1054065336745645,460
10330,PROD-035,West,2025-04-27,213.28,74,8869909716708836,540
12539,PROD-019,West,2025-04-27,275.22,64,5670753073382468,140
14728,PROD-019,South,2025-04-27,170.23,19,7693136266412309,147
13165,PROD-026,South,2025-04-27,46.76,82,3289754804699993,172
10519,PROD-004,Central,2025-04-28,177.64,21,3038486661869265,558
12581,PROD-079,South,2025-04-28,415.94,96,4793285942899484,385
14868,PROD-065,West,2025-04-28,337.56,85,7045367123419138,494
12605,PROD-037,North,2025-04-28,392.28,97,8254581257666232,498
11772,PROD-071,Central,2025-04-29,285.3,19,8803260391384979,723
13861,PROD-019,North,2025-04-29,479.44,11,5131241217288135,430
10139,PROD-098,Central,2025-04-29,473.26,48,3168154947501101,730
12978,PROD-036,South,2025-04-29,96.25,13,2257344516886105,271
11118,PROD-001,West,2025-04-29,340.19,51,4600757519115647,438
12209,PROD-007,West,2025-04-29,127.23,98,6094122968854928,437
14123,PROD-074,Central,2025-04-30,85.89,81,5903259162829956,378
13324,PROD-064,West,2025-04-30,186.83,46,3552418406274643,402
11128,PROD-028,North,2025-04-30,441.77,35,3244775396734557,909
14628,PROD-079,North,2025-05-01,315.84,11,7763598015316450,499
12953,PROD-090,East,2025-05-01,290.23,23,1344689020457643,527
10623,PROD-040,East,2025-05-01,245.52,61,2613405447503243,599
14772,PROD-043,North,2025-05-01,258.17,37,3075487502282516,839
13367,PROD-099,East,2025-05-01,177.76,48,3708907876897820,651
12095,PROD-042,East,2025-05-01,345.28,64,5807322765950831,649
14755,PROD-010,North,2025-05-02,154.03,47,6038061263059825,443
11766,PROD-076,East,2025-05-02,304.47,61,7353915095889628,373
14431,PROD-000,West,2025-05-02,447.67,74,8278246615286488,526
10290,PROD-090,East,2025-05-02,170.21,92,8804975024481807,858
11714,PROD-030,Central,2025-05-02,57.47,97,6227651635268345,829
10379,PROD-044,North,2025-05-02,306.62,90,7246580341386291,198
12460,PROD-029,Central,2025-05-03,256.96,50,2172038482699830,337
14194,PROD-029,North,2025-05-03,421.79,27,3651197967217846,937
14157,PROD-034,South,2025-05-03,179.53,59,8601510485678613,627
13144,PROD-052,West,2025-05-04,132.65,45,3246528375936991,147
12351,PROD-031,Central,2025-05-04,419.94,97,5897938289389933,729
13237,PROD-062,East,2025-05-04,35.26,19,6899772375583615,894
14544,PROD-099,North,2025-05-04,218.38,60,7891241285559207,650
10709,PROD-021,East,2025-05-05,74.24,75,4325175841571999,525
14693,PROD-064,Central,2025-05-05,412.25,82,1021932328512134,257
13470,PROD-078,Central,2025-05-05,485.3,35,3905302591081317,941
11694,PROD-038,Central,2025-05-06,497.64,62,8739594782962074,986
11698,PROD-029,East,2025-05-06,52.27,73,1668425716619232,329
13697,PROD-092,North,2025-05-06,438.42,79,8166699083601673,778
10037,PROD-005,Central,2025-05-06,136.04,72,1891985689129568,315
11657,PROD-001,Central,2025-05-06,57.26,3,6548728996592519,113
10596,PROD-014,South,2025-05-06,345.89,14,2165544230690970,205
11868,PROD-031,Central,2025-05-06,491.86,39,3454497353870989,568
11999,PROD-094,West,2025-05-06,111.93,50,2034146865297916,359
12594,PROD-052,North,2025-05-06,151.89,71,7386669606905079,394
13586,PROD-072,East,2025-05-06,108.44,19,6138573645682507,666
11720,PROD-069,West,2025-05-07,214.93,85,1137657346519085,259
13733,PROD-045,South,2025-05-07,346.01,26,8806447483525749,126
12541,PROD-061,South,2025-05-07,58.91,24,6090494009545433,668
12213,PROD-018,Central,2025-05-07,168.42,37,3429046115830375,893
11053,PROD-051,East,2025-05-07,136.76,49,8391279847848514,497
14718,PROD-013,West,2025-05-08,15.32,47,3429157748537053,819
10782,PROD-009,South,2025-05-08,301.13,52,7324418229335898,396
14162,PROD-006,North,2025-05-08,302.41,50,6854366988726993,809
11610,PROD-045,North,2025-05-09,221.09,66,8466820181222182,142
11009,PROD-021,East,2025-05-09,202.65,94,5208886811683168,991
13331,PROD-048,North,2025-05-09,271.22,92,7662360707945146,667
14839,PROD-075,South,2025-05-09,355.06,34,6415547226419195,531
12962,PROD-067,North,2025-05-09,95.88,11,7783546013041534,694
10909,PROD-081,North,2025-05-09,208.84,4,5839456010016369,940
10808,PROD-033,East,2025-05-09,445.45,97,6488948739281156,626
10650,PROD-023,North,2025-05-09,105.28,94,8890814886923801,511
14966,PROD-038,West,2025-05-10,463.58,92,4919019946243257,375
11336,PROD-059,North,2025-05-10,450.45,71,5206660077621231,519
13420,PROD-018,West,2025-05-10,397.81,80,5057414899724678,399
14426,PROD-040,Central,2025-05-10,135.81,1,7769209752083645,243
10266,PROD-073,West,2025-05-10,160.46,54,8484072220057040,227
12790,PROD-067,Central,2025-05-10,160.12,49,6687216489173559,986
13138,PROD-035,Central,2025-05-11,68.34,43,8195653166305645,464
12973,PROD-045,East,2025-05-11,495.08,32,3299799207922488,328
13215,PROD-086,East,2025-05-11,332.83,72,8413016312819851,227
10510,PROD-068,East,2025-05-11,68.53,21,2788035901071452,871
11950,PROD-019,Central,2025-05-11,93.94,46,6297166804696406,705
14645,PROD-089,West,2025-05-11,126.54,5,4265854678333896,759
12604,PROD-061,Central,2025-05-12,46.72,97,4220945952656048,756
13081,PROD-099,Central,2025-05-12,169.29,93,6792426692820837,319
13506,PROD-077,South,2025-05-12,237.53,75,5292679224178793,513
10045,PROD-074,South,2025-05-12,385.29,81,4532317557846003,716
10279,PROD-049,South,2025-05-12,487.87,38,1275877971079259,323
13207,PROD-046,Central,2025-05-12,491.21,17,6075038574870084,947
14519,PROD-029,North,2025-05-12,352.24,70,2074139671276587,242
12384,PROD-079,East,2025-05-12,82.41,78,1650568299701275,562
13010,PROD-070,North,2025-05-12,155.78,37,2251609339926063,667
11114,PROD-087,North,2025-05-12,274.81,8,3507917421082871,800
14314,PROD-017,West,2025-05-13,293.54,42,7396776994775258,287
10775,PROD-026,North,2025-05-13,67.45,76,3379786306119154,338
11023,PROD-047,East,2025-05-13,233.54,6,1776966841713695,325
13019,PROD-090,South,2025-05-14,135.1,49,5409762092820123,597
12331,PROD-072,North,2025-05-15,418.13,69,7996273358323198,805
11115,PROD-098,North,2025-05-15,136.22,45,4464151505899258,305
12050,PROD-015,Central,2025-05-15,204.97,19,1041200024688114,351
14269,PROD-032,North,2025-05-15,484.49,89,5108404111782482,337
10859,PROD-020,South,2025-05-16,390.2,14,4005658178358983,830
13423,PROD-077,East,2025-05-16,236.01,42,2711062831612130,206
14273,PROD-093,North,2025-05-17,266.71,41,1515657951248712,109
14994,PROD-016,North,2025-05-17,386.39,26,4235090374258026,905
14926,PROD-006,North,2025-05-17,280.85,78,2463711468638746,160
13651,PROD-010,North,2025-05-18,238.46,53,2045178754243821,961
14589,PROD-089,West,2025-05-18,322.38,59,4147550055485622,331
10917,PROD-032,North,2025-05-18,355.52,25,3911027520735268,444
11061,PROD-008,Central,2025-05-18,281.58,62,4246435251083647,287
10095,PROD-054,South,2025-05-18,81.88,32,6535390145096752,207
12817,PROD-041,Central,2025-05-19,218.99,12,6696781561108281,288
13840,PROD-000,South,2025-05-19,168.95,68,7092624514538719,661
10524,PROD-003,Central,2025-05-19,95.45,94,6921733228392617,510
14059,PROD-017,West,2025-05-19,225.03,92,5762841113215621,172
12802,PROD-012,West,2025-05-19,313.0,28,3847514270360961,546
12193,PROD-038,Central,2025-05-20,102.77,39,6523292772475817,502
10877,PROD-031,South,2025-05-20,325.01,91,7624802111378646,133
14555,PROD-053,West,2025-05-20,392.08,38,3685574024796101,854
12104,PROD-063,West,2025-05-20,406.27,4,2816158163940627,944
14605,PROD-081,Central,2025-05-21,101.98,14,4393397464318030,751
12607,PROD-056,South,2025-05-21,444.11,13,4291506090119038,819
12348,PROD-031,East,2025-05-21,279.06,42,5446792571759292,281
14074,PROD-099,North,2025-05-21,39.91,41,2550505168263155,598
14827,PROD-055,West,2025-05-21,220.47,55,1890235496315001,581
13619,PROD-070,West,2025-05-21,419.4,100,2855610241516993,867
14060,PROD-053,East,2025-05-22,143.15,40,6853105005887686,917
10044,PROD-050,East,2025-05-22,344.73,20,8920407728169645,762
13714,PROD-082,West,2025-05-22,113.69,70,8822513046068643,636
12229,PROD-003,Central,2025-05-22,105.69,16,2283192711358670,978
11836,PROD-015,East,2025-05-22,222.27,23,5277487073264611,265
13926,PROD-035,Central,2025-05-22,149.75,44,7821559431605354,348
10226,PROD-086,West,2025-05-23,451.08,95,4180873247332062,127
11178,PROD-048,West,2025-05-23,477.17,16,4631638271948456,928
14079,PROD-033,Central,2025-05-23,379.4,67,8622694599380194,547
14098,PROD-036,North,2025-05-24,193.03,72,4205760125745254,408
14011,PROD-001,South,2025-05-24,105.41,17,1953460139875587,573
10971,PROD-040,South,2025-05-24,424.86,2,7112328448960514,569
10894,PROD-010,North,2025-05-24,232.88,53,6385970807376698,294
14906,PROD-041,East,2025-05-24,169.01,31,6000980401041757,125
10504,PROD-096,South,2025-05-25,447.16,58,1613621877327247,685
13241,PROD-078,West,2025-05-25,359.24,4,8894195495017249,917
11971,PROD-096,North,2025-05-25,218.56,50,8408164689721875,719
13696,PROD-011,West,2025-05-25,45.85,21,1721561983282415,446
12797,PROD-072,North,2025-05-25,112.24,46,1577911115243435,619
10597,PROD-077,East,2025-05-25,319.99,22,7252582393748698,373
13445,PROD-094,West,2025-05-25,337.62,14,6821719255410264,372
10188,PROD-070,West,2025-05-26,32.9,41,1326805982211167,332
11476,PROD-040,North,2025-05-26,396.78,83,2257185849407467,686
11844,PROD-080,East,2025-05-26,426.1,94,1810151083638449,932
11340,PROD-047,West,2025-05-26,199.51,6,4361603990652670,799
14930,PROD-060,North,2025-05-26,288.03,59,8219832856138455,941
12220,PROD-009,East,2025-05-27,336.98,38,4472203511166642,291
12014,PROD-035,North,2025-05-27,478.59,79,8466697253415588,113
13551,PROD-053,Central,2025-05-27,450.14,100,6022425888107813,634
11824,PROD-085,West,2025-05-27,398.67,13,6015461264486017,170
11514,PROD-069,South,2025-05-27,327.7,44,6403573836854594,728
13694,PROD-051,East,2025-05-27,184.66,90,8686219592771233,810
10725,PROD-080,Central,2025-05-28,119.67,65,5511745845148311,833
14664,PROD-099,North,2025-05-28,220.88,8,6624555291686532,103
13789,PROD-005,Central,2025-05-28,364.07,99,1051882069202330,981
12411,PROD-098,West,2025-05-28,197.83,84,2106382103311763,493
10335,PROD-035,North,2025-05-28,487.63,38,4508803582827441,649
14949,PROD-061,North,2025-05-28,498.97,92,8418910389760566,787
14440,PROD-021,Central,2025-05-28,29.99,44,8393776427236545,783
13636,PROD-074,North,2025-05-29,92.36,74,2254354021350836,373
11135,PROD-085,West,2025-05-29,122.54,47,4854656037349269,637
12009,PROD-028,East,2025-05-29,283.88,91,8609830734619861,748
14304,PROD-069,East,2025-05-29,368.24,74,4537450781117479,228
14863,PROD-079,Central,2025-05-29,275.96,81,3049926274289803,491
11904,PROD-061,North,2025-05-29,341.32,68,2277427421685355,120
14127,PROD-074,West,2025-05-29,101.1,66,7968751413019056,161
10278,PROD-059,West,2025-05-29,419.93,57,6933830677106859,436
14965,PROD-082,Central,2025-05-29,277.51,55,4444865275228379,743
11231,PROD-094,South,2025-05-30,457.37,86,7954848799791611,764
13455,PROD-011,North,2025-05-30,320.14,89,7894223397269601,163
14843,PROD-076,West,2025-05-30,229.17,90,5091692993486095,516
12487,PROD-020,West,2025-05-30,98.07,7,3601643478594663,348
14116,PROD-022,East,2025-05-31,28.0,32,8272951355942121,461
14958,PROD-053,West,2025-05-31,12.89,31,6381833558308928,449
12663,PROD-007,Central,2025-05-31,485.17,76,2916904742368913,789
14727,PROD-088,West,2025-05-31,115.82,53,4896385499600461,689
14939,PROD-075,South,2025-06-01,287.32,61,2213187935328437,193
10193,PROD-064,East,2025-06-01,351.33,3,2207502385783147,314
11307,PROD-047,North,2025-06-01,393.78,28,4959432526500867,366
10830,PROD-032,North,2025-06-01,159.87,30,2736487476283859,994
10946,PROD-010,West,2025-06-02,252.05,71,3486980842903590,303
14134,PROD-027,East,2025-06-02,344.83,87,3290844515032483,987
10352,PROD-072,South,2025-06-02,349.69,32,3157059806296635,840
11554,PROD-019,North,2025-06-02,473.36,35,5648224324059708,274
13092,PROD-071,South,2025-06-02,230.89,23,5936659096541403,643
10201,PROD-090,East,2025-06-02,475.53,9,5568539994664773,870
13722,PROD-074,Central,2025-06-02,429.38,8,6302012394712923,890
10825,PROD-073,North,2025-06-02,453.78,50,7479635967912480,369
13827,PROD-074,Central,2025-06-02,237.73,62,6832382398706773,408
10736,PROD-047,South,2025-06-03,469.96,21,3012248513552843,882
13940,PROD-001,South,2025-06-03,11.35,15,2488854680806764,943
11211,PROD-058,North,2025-06-03,495.79,33,6086169774626891,706
11321,PROD-093,North,2025-06-03,52.93,73,7621919974682153,948
12572,PROD-076,North,2025-06-03,161.63,42,2573046797803747,321
10423,PROD-024,North,2025-06-04,290.48,33,8748007570006823,423
11386,PROD-088,East,2025-06-04,463.54,45,2100797478794328,719
12886,PROD-068,Central,2025-06-04,157.73,52,1388806342335657,905
11641,PROD-030,Central,2025-06-05,401.97,42,3122206492155113,635
13255,PROD-003,North,2025-06-05,294.39,13,7022299966693418,505
11683,PROD-096,East,2025-06-05,386.18,42,6140659980909732,846
13049,PROD-089,Central,2025-06-05,108.04,22,8339849591614187,848
11371,PROD-065,Central,2025-06-06,444.48,2,4797966856260126,832
11395,PROD-012,East,2025-06-06,267.57,10,4721305091215013,707
12609,PROD-048,West,2025-06-06,203.11,89,7822969445026617,513
13301,PROD-056,East,2025-06-06,155.49,35,7927571958636335,431
12761,PROD-033,North,2025-06-06,78.39,43,4162580891055228,319
13892,PROD-011,Central,2025-06-06,214.26,8,3405505806219304,841
13266,PROD-062,North,2025-06-06,181.4,85,7445704709354858,916
11674,PROD-041,West,2025-06-07,272.88,26,4135366794415192,775
12425,PROD-065,East,2025-06-07,102.93,70,6968426006489667,246
11970,PROD-066,South,2025-06-08,440.86,61,8202787390316453,332
11993,PROD-056,North,2025-06-08,366.65,51,5339639975916621,631
12855,PROD-072,East,2025-06-08,168.3,41,3374723983974792,865
10213,PROD-003,North,2025-06-08,25.99,25,4481903907741311,154
14587,PROD-063,North,2025-06-08,85.92,96,5559900346226423,456
10402,PROD-050,West,2025-06-09,54.53,75,1423737474765574,971
14472,PROD-062,North,2025-06-09,24.42,21,5426100380547034,618
14921,PROD-066,Central,2025-06-09,64.68,55,2272910215523722,944
13765,PROD-000,Central,2025-06-09,372.62,42,3522755893557376,302
12785,PROD-031,North,2025-06-09,97.43,50,3930077929013900,454
12983,PROD-027,North,2025-06-10,27.14,2,6925908642391627,133
14652,PROD-024,West,2025-06-10,447.22,35,3287864047740933,636
13982,PROD-019,North,2025-06-10,397.68,93,1337939148969837,259
13992,PROD-027,West,2025-06-10,86.24,72,5361994252220159,755
10203,PROD-028,South,2025-06-10,366.65,14,3194147978748644,192
10768,PROD-043,North,2025-06-10,326.7,93,4986969041753342,357
11960,PROD-092,West,2025-06-10,440.65,99,8752515378936519,143
11816,PROD-048,East,2025-06-11,308.68,59,5098517870017179,799
12221,PROD-092,North,2025-06-11,448.88,89,8753738105804180,899
14849,PROD-073,Central,2025-06-11,74.86,88,7729102888556490,148
12532,PROD-029,South,2025-06-11,287.13,55,3969948727524247,587
11791,PROD-017,East,2025-06-11,105.72,35,6153999514968176,122
10328,PROD-049,West,2025-06-11,271.49,55,8635363462518849,180
13720,PROD-021,West,2025-06-11,59.54,99,3611290679383622,105
10300,PROD-065,North,2025-06-11,32.65,87,2005766706484217,955
11880,PROD-061,South,2025-06-12,99.02,73,7168038138442349,387
11516,PROD-063,North,2025-06-12,412.02,48,3907638584978249,824
10915,PROD-066,West,2025-06-12,320.89,42,3465011675854188,330
13406,PROD-050,East,2025-06-12,227.18,39,1617604880377061,877
12536,PROD-035,West,2025-06-12,113.72,70,8229702753344557,866
13359,PROD-008,North,2025-06-12,114.77,63,3051273611026453,689
14952,PROD-010,South,2025-06-13,209.88,59,4842915749204714,707
13054,PROD-063,South,2025-06-13,416.91,59,7231986590845345,170
11586,PROD-045,West,2025-06-14,373.44,22,4664041777087499,373
13269,PROD-085,Central,2025-06-14,386.63,80,3590909043417864,739
10418,PROD-090,North,2025-06-14,115.07,67,8182409376657522,461
14812,PROD-082,South,2025-06-15,499.8,65,8586060713526819,854
12085,PROD-059,Central,2025-06-15,308.16,3,5412708281163543,485
13887,PROD-032,West,2025-06-15,74.61,36,7313207515426461,168
10438,PROD-096,South,2025-06-15,413.58,28,6218893696602339,168
10420,PROD-043,South,2025-06-15,233.21,32,8550335356679254,756
12629,PROD-089,Central,2025-06-15,223.73,4,7322853956144411,686
14172,PROD-023,West,2025-06-16,240.81,13,8867726882602531,864
14062,PROD-093,South,2025-06-16,304.13,64,7882801120007905,611
11611,PROD-061,Central,2025-06-16,106.35,21,5167343167029151,255
14862,PROD-067,West,2025-06-16,62.19,42,8587670134671542,160
10220,PROD-010,East,2025-06-17,335.39,80,5805343171696461,106
14241,PROD-097,West,2025-06-17,412.84,52,7937667432337438,807
12178,PROD-028,North,2025-06-17,219.59,56,2208719408668139,453
13850,PROD-027,Central,2025-06-17,298.42,65,5036059713572615,830
13911,PROD-013,South,2025-06-17,421.6,82,3214421633592316,113
10746,PROD-006,South,2025-06-17,393.83,10,5064314590890239,855
11238,PROD-023,South,2025-06-17,406.47,16,4258843531118290,411
12080,PROD-061,North,2025-06-18,432.36,9,1659776907049717,839
11217,PROD-024,Central,2025-06-18,47.3,68,4579044433805233,644
10869,PROD-067,West,2025-06-18,193.62,22,2276037550414460,368
11945,PROD-085,Central,2025-06-18,95.4,17,5770906819486134,934
13675,PROD-053,Central,2025-06-18,208.07,85,2352527277747467,496
11881,PROD-007,South,2025-06-18,270.71,63,7889722326905962,676
13981,PROD-091,Central,2025-06-18,263.16,2,8530418062310455,423
11408,PROD-043,East,2025-06-18,90.82,20,3311319588228164,610
10694,PROD-087,Central,2025-06-18,43.22,8,4935880398981136,665
11329,PROD-084,East,2025-06-19,492.15,38,3271596464556084,808
12998,PROD-023,Central,2025-06-19,377.59,44,5489388380780220,145
11131,PROD-054,Central,2025-06-19,169.68,34,7752965705433964,231
13750,PROD-083,North,2025-06-19,82.16,10,3737990128397044,789
10577,PROD-040,Central,2025-06-20,181.95,21,6369349593405066,946
12237,PROD-010,Central,2025-06-20,345.45,50,1999994710606815,436
12367,PROD-057,North,2025-06-20,180.53,32,2989762251948199,247
12338,PROD-073,Central,2025-06-20,137.65,78,1759890668532289,416
13635,PROD-060,South,2025-06-20,483.21,60,7919946602832689,369
13197,PROD-049,West,2025-06-20,313.34,42,3685682055848309,782
11209,PROD-009,North,2025-06-20,10.24,33,2354725581695648,745
11333,PROD-032,East,2025-06-20,403.19,50,2542909502091490,404
12478,PROD-077,North,2025-06-20,120.79,71,4707606522703462,501
12869,PROD-025,Central,2025-06-20,124.55,50,2359324077880229,198
14764,PROD-082,Central,2025-06-20,122.02,13,2214617951370787,416
13684,PROD-030,West,2025-06-22,259.28,27,7034120332066810,416
13494,PROD-085,East,2025-06-22,184.87,77,6932533611851627,897
11966,PROD-097,South,2025-06-23,58.8,35,1174579911827674,693
12612,PROD-005,Central,2025-06-23,40.22,76,4957611805082629,162
14010,PROD-008,East,2025-06-23,126.13,90,6850345266201721,673
14667,PROD-095,West,2025-06-24,234.1,46,8283304127798342,591
12337,PROD-049,North,2025-06-24,191.45,55,5117667011264681,212
13923,PROD-080,South,2025-06-25,446.87,83,3742126161384671,833
11458,PROD-070,West,2025-06-25,296.38,27,4377247850986011,831
12037,PROD-008,North,2025-06-26,259.65,87,3087519805044259,559
14404,PROD-058,East,2025-06-26,293.35,27,3599268481175823,199
10326,PROD-099,South,2025-06-26,367.13,72,1497242110475661,776
14458,PROD-095,Central,2025-06-26,397.49,54,8364771950074841,648
14364,PROD-027,Central,2025-06-26,422.33,88,8360777035696830,925
10085,PROD-096,South,2025-06-26,150.16,44,4406978602630711,823
13998,PROD-095,South,2025-06-26,404.12,40,6994370714420422,104
12925,PROD-041,Central,2025-06-26,257.03,91,4939232431903768,477
10118,PROD-087,Central,2025-06-26,226.82,15,6532902528536099,680
14058,PROD-060,East,2025-06-27,44.32,27,3593894454771077,939
12091,PROD-094,North,2025-06-27,361.54,90,1306250378539067,239
10658,PROD-009,North,2025-06-27,372.05,58,7428054332440472,648
13016,PROD-020,Central,2025-06-27,297.09,41,3867231535244441,138
10999,PROD-038,North,2025-06-28,69.2,52,7163170189329299,764
13707,PROD-024,Central,2025-06-28,399.87,27,1147274703543357,243
14903,PROD-078,Central,2025-06-28,70.17,9,6098575588680002,457
14682,PROD-055,West,2025-06-28,374.33,60,7772198451113090,721
13524,PROD-039,South,2025-06-29,444.14,93,2072596511647488,714
12177,PROD-035,West,2025-06-29,299.25,93,1581678002787564,448
11156,PROD-080,North,2025-06-29,314.27,49,2116176190289048,885
14326,PROD-038,North,2025-06-29,180.1,65,3247918282460522,342
10846,PROD-077,West,2025-06-30,340.33,92,5717520425052388,659
10969,PROD-017,East,2025-06-30,95.87,48,6854455339209947,768
12232,PROD-040,South,2025-06-30,151.81,10,8740862260187876,876
10016,PROD-071,South,2025-06-30,435.25,1,3326466914210322,576
14644,PROD-041,West,2025-06-30,282.76,29,3409709256355947,905
11297,PROD-017,South,2025-07-01,24.61,70,4164470653516666,138
14322,PROD-087,Central,2025-07-01,446.16,87,4470758324828967,552
10866,PROD-067,East,2025-07-01,272.36,25,4457098848652430,315
12579,PROD-022,West,2025-07-01,327.16,58,1906863769172612,853
12653,PROD-078,East,2025-07-01,38.67,18,4308864165285159,604
14341,PROD-060,Central,2025-07-02,144.51,32,2251459830764433,519
12391,PROD-059,West,2025-07-02,129.26,26,8203979313690356,506
13204,PROD-028,Central,2025-07-02,280.96,9,2482025558715764,706
10293,PROD-067,North,2025-07-02,152.3,25,5035095120175435,843
14046,PROD-094,East,2025-07-02,142.71,95,6986876404764535,527
14137,PROD-036,North,2025-07-02,366.37,13,6260622002559923,406
13972,PROD-096,North,2025-07-03,232.24,53,2674169804700616,414
11451,PROD-052,North,2025-07-04,49.36,55,8476105167354975,479
11603,PROD-009,South,2025-07-04,412.46,55,6583593715947776,244
13278,PROD-015,North,2025-07-04,286.2,87,4731916659868731,107
12188,PROD-000,South,2025-07-04,107.66,85,8545496007986486,997
14398,PROD-053,South,2025-07-04,237.0,1,6851771000213124,622
14328,PROD-005,South,2025-07-05,465.29,50,5623569918089410,536
11813,PROD-032,North,2025-07-05,352.77,95,4701293817903782,275
12416,PROD-051,South,2025-07-05,49.93,17,1803369104565699,929
10028,PROD-023,North,2025-07-05,172.54,33,2069920202458439,733
12350,PROD-050,South,2025-07-06,426.93,93,6669471494395396,558
11077,PROD-093,Central,2025-07-06,26.02,78,3282817112566421,926
10732,PROD-075,East,2025-07-06,241.73,97,6970441681321821,880
12100,PROD-022,Central,2025-07-07,473.32,60,5000618219358161,527
11299,PROD-047,North,2025-07-07,23.42,24,3969899303171708,111
13429,PROD-010,East,2025-07-07,238.42,27,6668652018675208,759
13073,PROD-098,North,2025-07-08,298.59,43,6646011658912329,441
13659,PROD-044,West,2025-07-08,103.96,95,1653639947765714,555
13008,PROD-029,East,2025-07-08,172.04,63,4228985627823558,980
13993,PROD-082,Central,2025-07-08,367.67,25,1956916516761038,971
14802,PROD-071,West,2025-07-08,39.92,87,6004864519466725,295
12045,PROD-003,North,2025-07-08,99.36,76,7615682012294266,360
12192,PROD-015,Central,2025-07-08,409.52,26,2543160993462861,414
12353,PROD-066,North,2025-07-09,302.22,72,8801738784250955,432
13717,PROD-080,North,2025-07-09,248.85,35,3069774473727800,241
10452,PROD-093,East,2025-07-09,160.46,90,3758269737833302,143
10987,PROD-030,East,2025-07-10,263.58,64,2753998449280275,785
10609,PROD-030,Central,2025-07-10,245.56,88,2353188219783368,182
11669,PROD-048,West,2025-07-10,460.46,73,5888986308766136,599
12086,PROD-054,North,2025-07-10,198.9,31,7264025229790837,678
13219,PROD-016,Central,2025-07-11,131.49,59,1855255317866718,537
13719,PROD-070,West,2025-07-11,222.27,76,7647877370750391,347
14146,PROD-013,Central,2025-07-11,332.91,68,6881922093904011,801
14376,PROD-052,South,2025-07-11,368.23,62,3276517086685767,964
13123,PROD-035,South,2025-07-12,321.26,71,3523442057639690,498
14230,PROD-076,East,2025-07-12,483.29,17,4553053152299083,515
13899,PROD-035,East,2025-07-12,228.3,65,2124117086778245,102
11399,PROD-079,Central,2025-07-12,429.85,34,4032372162206100,858
12306,PROD-055,Central,2025-07-12,383.87,96,8078701057146646,261
14797,PROD-060,North,2025-07-12,30.23,18,4174151218606393,804
13537,PROD-033,North,2025-07-12,157.45,51,8976883645074262,602
10074,PROD-082,Central,2025-07-12,80.7,4,6227696478980638,275
14373,PROD-039,North,2025-07-13,484.93,71,1229565124626900,142
11947,PROD-046,East,2025-07-14,21.12,3,4456738586156615,143
10963,PROD-031,West,2025-07-14,23.83,54,1111087084118690,747
13668,PROD-015,Central,2025-07-14,68.03,73,2093050049664155,119
14348,PROD-028,North,2025-07-15,84.03,20,7867798795513698,738
13567,PROD-036,Central,2025-07-15,244.33,14,1120747648164579,886
13753,PROD-038,North,2025-07-15,441.05,18,8601066143752117,551
13747,PROD-051,North,2025-07-16,166.38,49,4294081018234881,240
12772,PROD-073,East,2025-07-16,261.48,85,1684206741087552,762
11200,PROD-073,Central,2025-07-16,232.54,32,1426365825064831,402
14275,PROD-078,East,2025-07-16,256.48,99,6584449240647070,989
12329,PROD-067,West,2025-07-16,240.84,19,5598918807149298,942
14655,PROD-000,East,2025-07-17,323.03,81,8319249114995276,536
10222,PROD-073,North,2025-07-17,298.55,53,7971031477602280,398
13046,PROD-099,North,2025-07-17,202.59,32,4136947816252750,354
11760,PROD-009,South,2025-07-17,28.53,33,2587048251009700,666
12453,PROD-006,West,2025-07-17,361.48,23,7901601940103430,916
10130,PROD-098,North,2025-07-17,347.06,92,5503248839740643,681
10397,PROD-086,East,2025-07-18,214.37,45,4455326922233742,246
12639,PROD-075,Central,2025-07-19,128.61,4,8393883248100601,597
14004,PROD-033,Central,2025-07-19,89.49,36,8404628000311321,172
11286,PROD-009,East,2025-07-19,227.54,41,8961579239453178,232
14044,PROD-051,East,2025-07-20,345.21,20,4949639726100746,668
13265,PROD-082,East,2025-07-20,486.74,26,5734161343044340,547
11301,PROD-034,South,2025-07-20,490.1,34,8203602327318895,553
14466,PROD-018,North,2025-07-20,243.15,78,2552586023881974,539
11167,PROD-081,West,2025-07-21,228.81,98,8195758312166415,239
13701,PROD-019,East,2025-07-21,127.93,81,1374993307286255,286
11748,PROD-075,Central,2025-07-21,323.51,12,4539287714969646,735
13642,PROD-009,East,2025-07-21,96.27,54,5022625154793243,658
10546,PROD-028,West,2025-07-22,18.7,52,2015735939354760,120
14091,PROD-089,Central,2025-07-22,460.4,86,7545864659219067,816
11144,PROD-090,Central,2025-07-22,128.16,79,4905287411803000,731
13157,PROD-063,North,2025-07-22,73.53,12,3117406568184871,728
13641,PROD-089,West,2025-07-23,97.99,10,7655510940168171,597
10400,PROD-007,North,2025-07-23,125.28,34,4269970512477532,832
10136,PROD-040,East,2025-07-23,155.41,2,7414306231665468,395
14143,PROD-066,West,2025-07-24,320.63,24,6902751977053292,965
11071,PROD-075,East,2025-07-24,163.12,90,7710605887981253,872
13769,PROD-041,North,2025-07-24,222.97,62,5091750522378992,959
11081,PROD-060,North,2025-07-24,347.21,89,1667110678401682,717
14382,PROD-054,North,2025-07-24,119.61,54,3669572386046252,196
13321,PROD-055,South,2025-07-25,141.47,36,7606474954141251,986
13118,PROD-076,North,2025-07-25,324.6,74,8395539204663400,545
14572,PROD-027,West,2025-07-25,243.9,50,1854407708603896,283
13708,PROD-017,South,2025-07-25,150.23,18,1488478801297065,127
10344,PROD-056,Central,2025-07-25,245.49,96,6234510572478623,956
10141,PROD-052,East,2025-07-25,19.65,39,2958624857874349,461
13018,PROD-016,Central,2025-07-26,119.9,60,8899614034922675,498
11548,PROD-084,West,2025-07-26,379.48,98,5338183477380476,562
11175,PROD-083,North,2025-07-26,414.88,15,8503543648925814,729
14825,PROD-012,South,2025-07-26,308.97,88,1810853240205124,661
14445,PROD-032,Central,2025-07-26,164.79,1,5655224396311617,477
10297,PROD-039,West,2025-07-26,151.89,64,8310300444193090,338
10450,PROD-062,North,2025-07-27,414.4,80,5781164340766717,558
13245,PROD-005,Central,2025-07-27,344.55,18,2492830442293441,213
11079,PROD-011,East,2025-07-27,59.21,53,3173180904519543,265
12052,PROD-082,East,2025-07-27,232.46,62,2095108452490227,101
11055,PROD-040,South,2025-07-28,203.91,52,7589428493420719,816
12731,PROD-018,West,2025-07-28,236.42,75,2754339729889357,560
11134,PROD-009,East,2025-07-28,250.47,55,3433261352267785,729
14650,PROD-091,North,2025-07-28,333.94,11,8858394471473291,155
12518,PROD-098,East,2025-07-28,22.16,51,1175062879631077,627
14303,PROD-054,Central,2025-07-28,70.63,8,2986409245719842,322
14492,PROD-061,West,2025-07-28,293.76,65,8953142780805825,837
12099,PROD-057,North,2025-07-29,405.29,24,4047184231073459,826
13643,PROD-014,West,2025-07-29,252.23,87,1012868537186087,833
11419,PROD-098,South,2025-07-30,412.24,59,3977221461076715,997
10331,PROD-070,West,2025-07-30,17.83,89,8387740639249046,376
13414,PROD-018,South,2025-07-30,231.94,30,5894169326463814,616
13518,PROD-013,East,2025-07-30,473.79,60,8248964898236865,897
12089,PROD-049,South,2025-07-30,304.4,16,1458930913029204,841
10552,PROD-002,West,2025-07-31,33.35,88,3122292322198088,529
12204,PROD-015,Central,2025-07-31,458.98,60,1124187671182214,578
10115,PROD-049,East,2025-07-31,106.4,87,5665794782027961,136
10362,PROD-055,North,2025-07-31,473.6,43,7790123452011133,798
14075,PROD-095,North,2025-08-01,166.88,47,5930983246695813,107
10482,PROD-033,East,2025-08-01,32.29,40,7160994751148581,724
13433,PROD-051,South,2025-08-01,247.8,19,6668750946004410,219
13040,PROD-008,Central,2025-08-01,339.3,57,3139567599208749,184
13836,PROD-061,Central,2025-08-01,170.31,91,4548280077525212,513
12033,PROD-057,North,2025-08-01,377.52,54,4056665879800480,956
11050,PROD-078,Central,2025-08-01,38.02,31,5253243627264821,640
14902,PROD-070,West,2025-08-01,456.28,22,1508034994421613,680
10217,PROD-027,Central,2025-08-02,92.86,60,7151372685653818,833
10295,PROD-029,North,2025-08-02,82.06,72,8038891588966574,612
14392,PROD-085,Central,2025-08-02,463.0,52,1982100852189243,589
12571,PROD-008,North,2025-08-02,265.18,12,5972753449957267,143
13864,PROD-024,West,2025-08-02,279.45,9,2571120977693212,268
13652,PROD-001,South,2025-08-02,496.22,29,8448739083749059,513
12598,PROD-059,South,2025-08-02,127.16,15,8905526302278041,748
14043,PROD-027,Central,2025-08-02,86.29,59,5664814470202874,406
14913,PROD-050,North,2025-08-03,19.95,91,6820116010871662,989
13622,PROD-005,East,2025-08-03,349.32,3,1296124259699838,834
12008,PROD-011,North,2025-08-03,363.11,90,1260797029051608,647
14017,PROD-015,East,2025-08-03,482.9,57,5688066968918291,437
11124,PROD-049,East,2025-08-03,30.3,68,2465371771897182,842
11445,PROD-066,North,2025-08-04,295.2,75,6165779988608406,895
13996,PROD-053,North,2025-08-04,497.9,41,5241378458935931,216
14547,PROD-053,South,2025-08-04,100.74,55,1871568876371239,809
10422,PROD-080,Central,2025-08-04,17.13,7,5675215522744985,436
11667,PROD-062,Central,2025-08-04,326.81,4,8691543432741547,494
11173,PROD-081,North,2025-08-05,446.32,61,3499478318555137,696
12841,PROD-020,South,2025-08-05,219.58,16,3579738989334316,856
11545,PROD-097,South,2025-08-06,288.78,17,1558280864301490,451
11832,PROD-033,South,2025-08-07,227.09,23,3311034732035280,101
11590,PROD-079,West,2025-08-07,185.65,90,6913311001833505,468
13441,PROD-042,East,2025-08-08,389.23,59,2114081416684959,805
12140,PROD-063,North,2025-08-08,319.95,39,3055459642738699,414
11894,PROD-090,South,2025-08-08,269.98,60,6869832143247308,491
11834,PROD-005,North,2025-08-08,415.09,92,2676652971575373,123
14829,PROD-014,South,2025-08-09,346.64,26,6877524327357169,173
13991,PROD-047,West,2025-08-10,388.47,44,7541922041127393,220
11031,PROD-020,East,2025-08-10,219.87,88,4435660823895972,405
10349,PROD-081,East,2025-08-10,305.25,47,3407623669516193,370
14411,PROD-079,Central,2025-08-10,243.92,37,1277398568530270,418
13962,PROD-078,Central,2025-08-10,34.81,81,1231051523652569,338
10099,PROD-066,West,2025-08-10,456.89,13,3839416808316649,613
11383,PROD-022,South,2025-08-10,413.81,19,3550861239501194,600
12049,PROD-048,Central,2025-08-10,241.43,92,2898442990547852,511
13104,PROD-078,East,2025-08-11,451.18,50,5267159956380278,544
12135,PROD-012,West,2025-08-11,230.97,78,5594777716930762,742
13127,PROD-055,North,2025-08-12,443.16,42,2356546085151147,777
11572,PROD-054,North,2025-08-12,298.86,68,2785306012710362,437
13275,PROD-010,Central,2025-08-12,451.59,4,2830975947462292,470
10053,PROD-021,West,2025-08-12,491.33,4,7358848705288385,594
14267,PROD-088,South,2025-08-12,398.21,53,2244909961118030,492
11991,PROD-046,East,2025-08-13,148.45,44,8261343137009241,369
14313,PROD-031,North,2025-08-13,498.15,12,6151210591309615,478
12431,PROD-051,North,2025-08-13,352.96,39,8621761462970426,945
12438,PROD-024,West,2025-08-13,342.6,40,4119858821711170,469
14325,PROD-042,South,2025-08-14,232.52,81,3259711294896876,744
10135,PROD-069,South,2025-08-14,110.62,60,7363701080725164,277
11021,PROD-075,South,2025-08-14,256.17,44,8854696814417955,863
14129,PROD-095,South,2025-08-15,452.06,73,6423860800247843,864
13858,PROD-089,South,2025-08-15,20.83,42,7049412367138525,884
10854,PROD-079,Central,2025-08-15,277.74,39,1816337451851661,992
13910,PROD-086,East,2025-08-16,47.1,42,2024337120657036,147
13976,PROD-027,West,2025-08-16,214.27,59,4460485839535627,670
11614,PROD-049,East,2025-08-16,402.33,96,7347076621624363,913
11047,PROD-058,North,2025-08-16,447.53,4,4993239666476681,634
13427,PROD-022,South,2025-08-16,46.76,47,7386189878650901,775
12060,PROD-079,West,2025-08-17,357.63,55,3836298211531686,268
14844,PROD-029,East,2025-08-18,178.53,10,2066439076784268,762
11082,PROD-060,Central,2025-08-18,460.62,45,1284550261216752,403
12809,PROD-055,East,2025-08-18,229.17,92,3875639473836630,708
11330,PROD-075,South,2025-08-18,463.4,85,4514179996535163,511
14048,PROD-013,Central,2025-08-18,19.95,47,2718507143302217,849
13368,PROD-047,North,2025-08-18,360.84,82,4523552580915406,810
13181,PROD-058,West,2025-08-18,325.05,91,2411987858328640,201
12681,PROD-046,South,2025-08-19,221.29,53,1900894236422042,680
10905,PROD-008,Central,2025-08-19,176.03,80,1494822815696687,446
11704,PROD-054,South,2025-08-19,399.06,76,5810509259236875,786
12336,PROD-042,North,2025-08-19,326.82,97,5253919397157291,983
10184,PROD-076,North,2025-08-19,353.33,86,3531715527012783,734
13922,PROD-040,South,2025-08-20,498.51,89,3972422112964604,423
10679,PROD-082,North,2025-08-20,290.4,78,7010697403097269,567
12281,PROD-071,East,2025-08-21,136.76,18,7468466469337693,867
11777,PROD-065,South,2025-08-21,297.09,60,5521015936513467,628
12856,PROD-083,South,2025-08-21,443.44,33,5670846361784095,940
13817,PROD-055,West,2025-08-21,313.73,92,2507720497472663,889
14534,PROD-051,South,2025-08-21,166.83,58,8611120440827788,573
11311,PROD-092,North,2025-08-21,417.29,86,2822468875965505,787
12803,PROD-097,East,2025-08-22,17.82,32,4741443965928049,261
14144,PROD-051,East,2025-08-22,274.7,73,2815915671468481,762
14820,PROD-077,East,2025-08-22,319.75,81,7462635222879960,998
10865,PROD-066,West,2025-08-22,212.47,47,5579537227586888,865
14733,PROD-018,East,2025-08-23,176.77,2,3096153942696917,362
13322,PROD-058,Central,2025-08-23,238.06,11,8973327294976320,705
11995,PROD-068,Central,2025-08-23,476.78,51,3830955356199412,743
14284,PROD-059,North,2025-08-23,222.4,88,8999683033199821,958
13905,PROD-098,East,2025-08-23,159.85,17,8024061132019092,634
14873,PROD-004,South,2025-08-23,334.85,82,2842745293898180,110
11033,PROD-063,West,2025-08-23,63.79,16,7616411423219995,116
12423,PROD-026,West,2025-08-24,342.04,67,5846272268077161,323
11551,PROD-089,Central,2025-08-24,346.17,1,3080870370751225,578
12853,PROD-032,Central,2025-08-24,281.91,9,7997117690816274,277
13704,PROD-046,South,2025-08-25,476.12,60,8784492609460734,136
14595,PROD-062,South,2025-08-26,430.03,43,5142711145276569,619
13210,PROD-071,Central,2025-08-26,25.28,62,5716730556803841,475
13323,PROD-030,Central,2025-08-26,364.84,17,3502051711396188,252
12595,PROD-040,Central,2025-08-27,243.83,61,3771535452298271,398
13284,PROD-086,Central,2025-08-27,30.26,39,6740034362778955,386
10901,PROD-050,Central,2025-08-27,65.03,47,5405154871397045,593
12225,PROD-010,West,2025-08-28,152.49,27,3095391904350735,673
11642,PROD-066,West,2025-08-28,131.48,7,3719756966549477,896
13873,PROD-039,North,2025-08-28,92.97,26,5675683784868439,500
11531,PROD-084,North,2025-08-28,251.65,50,1671361773304732,965
11044,PROD-071,East,2025-08-29,48.63,47,2258746616390161,460
14118,PROD-081,North,2025-08-29,76.72,29,6016160141171073,293
14413,PROD-099,West,2025-08-29,335.37,3,8935963093239052,129
13225,PROD-005,West,2025-08-29,339.5,60,8113452611881190,465
10686,PROD-015,North,2025-08-29,226.72,56,6496513817815952,805
12044,PROD-054,Central,2025-08-29,15.36,9,3478180703457689,866
10582,PROD-070,East,2025-08-29,205.77,44,7365852066496275,173
13312,PROD-025,North,2025-08-29,357.6,84,6194199158321450,676
10853,PROD-076,South,2025-08-30,211.7,22,6490345820226603,992
12370,PROD-059,South,2025-08-30,185.09,16,7264535827856145,868
13768,PROD-061,West,2025-08-30,25.49,87,4717321757828696,609
12554,PROD-034,Central,2025-08-30,446.29,81,5028919144654949,744
11022,PROD-072,South,2025-08-30,377.15,77,7899091170970437,867
13055,PROD-040,North,2025-08-31,275.1,18,7580445376646709,121
14066,PROD-080,West,2025-08-31,479.43,11,8198318950188653,779
11739,PROD-016,North,2025-08-31,309.13,44,5209456270841933,509
13015,PROD-080,East,2025-08-31,405.79,60,2853291192345472,652
12615,PROD-089,East,2025-09-01,485.73,29,4721195652461359,769
14840,PROD-098,West,2025-09-01,435.82,71,4524759794110599,590
10970,PROD-069,East,2025-09-01,343.7,5,6974768427541866,931
13528,PROD-014,South,2025-09-01,283.78,64,3881821185868191,363
12226,PROD-057,East,2025-09-02,329.92,21,6630175230411860,887
11146,PROD-074,East,2025-09-02,50.69,12,4763365304630934,510
12299,PROD-018,South,2025-09-02,458.35,18,4897826813555076,682
12885,PROD-024,South,2025-09-02,421.69,55,2047246701128110,290
10109,PROD-001,South,2025-09-02,165.98,33,4643260233828581,690
13564,PROD-051,Central,2025-09-02,32.29,39,1607078979834530,654
10779,PROD-041,West,2025-09-02,20.72,3,6851226481729184,247
12718,PROD-093,North,2025-09-03,154.45,93,8370864371404494,756
14791,PROD-064,West,2025-09-03,451.81,41,4729426970891097,356
11236,PROD-050,West,2025-09-03,380.94,59,5165943111831917,769
11717,PROD-005,West,2025-09-03,177.6,54,3734018311694452,488
11449,PROD-040,Central,2025-09-04,234.52,28,1954894165768049,732
12368,PROD-018,West,2025-09-04,444.18,16,8813588499835138,446
14800,PROD-099,South,2025-09-04,279.98,17,4065981406914532,208
11802,PROD-066,East,2025-09-05,319.13,39,2239712922748411,552
14646,PROD-057,East,2025-09-05,253.86,29,8726903104295821,563
12668,PROD-020,Central,2025-09-06,387.94,39,3011760471555330,560
10809,PROD-066,Central,2025-09-06,95.62,43,7785681007235607,398
13828,PROD-074,North,2025-09-06,176.63,9,7590761875737072,780
14781,PROD-019,Central,2025-09-06,395.96,60,8618660526496672,171
14914,PROD-065,East,2025-09-06,167.57,66,2517367098743811,133
12405,PROD-008,West,2025-09-07,78.4,32,6493044280050879,786
14708,PROD-021,South,2025-09-07,161.26,55,1357514610161099,558
10913,PROD-025,East,2025-09-07,177.41,88,7771994489831307,951
12622,PROD-090,East,2025-09-07,289.03,10,6827529803221782,340
14081,PROD-010,Central,2025-09-08,347.38,88,8270882221427425,351
12162,PROD-094,Central,2025-09-08,156.93,85,1709596096531354,984
10961,PROD-012,Central,2025-09-08,156.24,83,6011783284121683,254
11660,PROD-071,North,2025-09-08,243.23,89,1317411078956146,612
11948,PROD-060,North,2025-09-08,123.5,33,8515689536682453,190
14224,PROD-045,South,2025-09-08,490.5,90,8893482323007356,483
12939,PROD-018,West,2025-09-08,429.4,60,6751662247473796,691
12702,PROD-089,South,2025-09-09,447.15,65,8631309020240019,385
10509,PROD-026,South,2025-09-09,451.07,68,7685538201215183,692
11138,PROD-013,North,2025-09-09,380.72,68,6492818137399017,190
13894,PROD-012,East,2025-09-09,377.2,36,8166257648044460,480
13782,PROD-032,North,2025-09-09,336.86,1,8051641592146904,373
13816,PROD-083,Central,2025-09-09,70.12,23,3954116739298838,763
11627,PROD-090,North,2025-09-09,66.66,56,8338801839565157,110
14311,PROD-003,South,2025-09-09,388.7,75,2540946508364614,197
10712,PROD-050,Central,2025-09-10,38.47,94,4573825711536919,897
11350,PROD-016,South,2025-09-10,488.15,66,2807103268348475,374
11579,PROD-056,South,2025-09-10,353.39,60,8027535206474416,775
14684,PROD-097,North,2025-09-10,62.18,94,7241213434021484,330
12450,PROD-035,East,2025-09-10,483.61,39,7629250744439949,539
12933,PROD-046,East,2025-09-11,230.16,94,4524178018552247,757
13468,PROD-027,East,2025-09-11,167.76,43,3250537677276914,500
12315,PROD-004,East,2025-09-11,122.7,88,4280104219683025,448
11410,PROD-053,West,2025-09-11,283.67,12,1775104551082808,425
11159,PROD-043,South,2025-09-11,440.87,84,6450844660834753,986
13399,PROD-067,North,2025-09-11,294.1,13,2568158476696542,149
14527,PROD-013,West,2025-09-11,341.29,22,5943805962049091,117
14704,PROD-008,North,2025-09-11,54.18,13,4746264062484155,783
11953,PROD-066,North,2025-09-12,355.55,100,4958686738738169,663
10274,PROD-018,North,2025-09-13,335.11,4,5141483022529995,961
13507,PROD-085,West,2025-09-13,122.73,14,5663471812691796,111
11684,PROD-016,North,2025-09-13,376.21,25,3175665843726932,409
13482,PROD-067,Central,2025-09-13,39.98,48,3255184882873691,365
10891,PROD-056,East,2025-09-14,403.21,29,2119530512570342,277
10570,PROD-046,East,2025-09-14,347.94,62,3541300084763777,533
13867,PROD-004,North,2025-09-14,287.18,93,8162581054724597,932
14634,PROD-086,South,2025-09-14,130.45,40,4385547091584389,328
14611,PROD-006,Central,2025-09-15,319.69,89,8946907463584926,979
12467,PROD-019,South,2025-09-15,347.09,71,5306309433540079,897
12064,PROD-035,Central,2025-09-15,235.76,98,8055974064329221,994
10189,PROD-043,East,2025-09-15,482.57,56,7952942703125558,429
11220,PROD-029,East,2025-09-16,134.57,73,3273198282073235,597
14220,PROD-081,East,2025-09-16,112.4,29,1828233488136464,100
14838,PROD-041,East,2025-09-16,486.86,62,7245002450230088,542
11888,PROD-061,East,2025-09-16,345.13,8,4340244274503176,718
11300,PROD-080,West,2025-09-17,451.0,38,1991801182542225,471
13431,PROD-025,East,2025-09-17,172.49,2,5486179644768088,684
11099,PROD-081,West,2025-09-17,76.84,89,3729100772311269,635
13562,PROD-049,East,2025-09-17,344.94,96,6781488494620821,729
14407,PROD-064,West,2025-09-17,218.59,65,4844083056339374,457
13397,PROD-032,North,2025-09-18,438.41,33,7518785692914260,471
11754,PROD-016,South,2025-09-18,455.05,64,6595133223219139,777
10739,PROD-021,East,2025-09-18,142.91,33,2974259822275633,631
10889,PROD-080,Central,2025-09-18,360.52,31,4151451591217103,694
11877,PROD-042,Central,2025-09-19,283.91,91,4365122558580603,343
10943,PROD-097,Central,2025-09-19,316.38,83,8378752653854552,716
13660,PROD-091,East,2025-09-19,445.24,74,6998158006752534,935
11000,PROD-044,South,2025-09-19,21.96,86,8020398167401269,417
10431,PROD-009,Central,2025-09-20,364.42,80,1812594452159484,106
12415,PROD-090,West,2025-09-20,397.25,63,2828487539671310,924
13087,PROD-047,Central,2025-09-20,74.73,37,6857624490114304,211
10000,PROD-048,North,2025-09-21,225.21,2,2258733604126626,968
12529,PROD-075,Central,2025-09-21,110.73,100,8487205478226064,246
13728,PROD-062,North,2025-09-21,423.76,56,8024706911425484,128
11008,PROD-034,South,2025-09-21,100.98,20,8982015866080146,582
13229,PROD-079,Central,2025-09-22,132.74,24,6363353352874735,562
13141,PROD-061,North,2025-09-22,239.61,75,8876361816178294,212
11368,PROD-005,South,2025-09-22,102.5,90,7127990291881634,376
14197,PROD-019,North,2025-09-22,104.5,81,4121558652300536,294
12039,PROD-060,West,2025-09-22,263.19,2,4907606986326593,118
10200,PROD-051,Central,2025-09-22,388.22,25,8013651441743690,271
12915,PROD-019,North,2025-09-22,231.46,16,8895279462812538,920
11425,PROD-016,North,2025-09-22,113.89,60,4664215273951213,755
14900,PROD-099,South,2025-09-23,192.3,46,1594164250462563,585
11197,PROD-028,South,2025-09-23,135.43,51,7611780546484382,971
13163,PROD-052,Central,2025-09-23,194.8,87,8899450131441066,436
11143,PROD-010,South,2025-09-23,269.95,49,1480924448762025,505
13191,PROD-090,Central,2025-09-24,329.74,20,3093956466984967,489
12737,PROD-065,West,2025-09-24,132.89,44,1140727317449591,902
14720,PROD-041,West,2025-09-24,356.32,96,8830758141774029,919
14879,PROD-034,West,2025-09-24,77.32,41,2210649068362372,633
12592,PROD-029,West,2025-09-25,406.26,97,2741242020440289,102
13548,PROD-050,Central,2025-09-25,459.72,81,2882109328355395,247
11908,PROD-035,Central,2025-09-25,410.59,61,3439882567663475,833
10411,PROD-086,Central,2025-09-25,244.63,27,5597802084050167,627
11018,PROD-091,North,2025-09-25,97.74,52,8396494878271094,470
10439,PROD-090,West,2025-09-25,59.37,43,3661076486551043,457
11910,PROD-068,West,2025-09-26,29.76,6,3044890603986765,698
11938,PROD-065,West,2025-09-26,52.68,99,6508822064253658,617
10756,PROD-069,West,2025-09-26,70.0,3,6770908879667421,789
10785,PROD-075,East,2025-09-27,274.33,40,4898551279886624,940
10496,PROD-017,East,2025-09-27,261.65,18,1082728089817841,923
11207,PROD-045,South,2025-09-27,46.81,83,8043735633646965,801
12689,PROD-080,North,2025-09-27,358.51,2,4941019493897293,163
14001,PROD-068,Central,2025-09-27,467.73,34,8277812074572297,242
10058,PROD-003,East,2025-09-27,416.1,11,8000887953628736,747
14173,PROD-085,West,2025-09-28,180.32,38,5742970185902564,145
13716,PROD-098,Central,2025-09-28,288.77,75,2777108803921173,288
10786,PROD-047,South,2025-09-28,234.87,41,7161457649486778,623
11030,PROD-073,Central,2025-09-28,49.45,80,8796197445216342,849
13044,PROD-007,East,2025-09-29,359.39,72,4937169448837328,275
11484,PROD-001,West,2025-09-29,352.32,23,5678954456247270,402
10424,PROD-002,South,2025-09-29,266.09,69,2601351141454570,120
12884,PROD-045,North,2025-09-30,253.35,4,8975234003441185,185
12984,PROD-049,East,2025-09-30,48.3,46,3046698311853157,377
11084,PROD-021,North,2025-09-30,343.19,39,7757664149772948,131
10417,PROD-084,South,2025-09-30,176.1,57,3127811845233152,550
12465,PROD-038,Central,2025-09-30,154.46,79,1523049549942264,469
11432,PROD-015,North,2025-09-30,468.84,58,1178081023964488,678
10202,PROD-006,East,2025-10-01,427.83,13,5290674965467673,110
13631,PROD-021,South,2025-10-01,251.47,23,8339889203019880,838
12967,PROD-087,West,2025-10-01,393.64,65,8638518292772531,559
13308,PROD-066,East,2025-10-01,172.16,13,1971490207025661,895
11421,PROD-002,South,2025-10-02,381.5,86,6883009580465163,551
13948,PROD-095,South,2025-10-02,431.74,100,3538277746408770,438
11541,PROD-037,North,2025-10-02,480.9,19,1087277192918750,794
12263,PROD-028,Central,2025-10-02,147.8,26,5140574722058662,234
12395,PROD-000,East,2025-10-02,40.2,26,3255005566089374,195
10998,PROD-090,Central,2025-10-02,361.86,21,5577309590145225,752
11535,PROD-026,East,2025-10-02,306.55,31,6867722362925139,864
10722,PROD-011,South,2025-10-02,237.62,54,8051274491050754,963
13083,PROD-052,Central,2025-10-03,463.73,72,4381445918652487,393
10235,PROD-041,East,2025-10-03,128.29,81,4211963771101041,296
12985,PROD-074,Central,2025-10-03,220.74,87,6551033247641033,107
14836,PROD-098,East,2025-10-03,325.72,22,3813605798629814,364
11158,PROD-041,Central,2025-10-04,393.08,49,3000046027520246,374
14864,PROD-021,South,2025-10-04,316.64,24,6426979066405870,344
13481,PROD-050,East,2025-10-04,62.76,95,1367413531908154,744
10957,PROD-029,North,2025-10-04,453.84,100,5809632203086965,464
12410,PROD-085,West,2025-10-05,47.52,62,2303010263321593,888
14609,PROD-039,West,2025-10-05,432.88,100,6328813960820363,675
13612,PROD-065,West,2025-10-05,427.11,11,3850417451277140,789
11315,PROD-052,West,2025-10-06,404.12,93,7956431353479758,271
12627,PROD-002,South,2025-10-06,304.23,62,1921212514166772,122
13190,PROD-085,East,2025-10-06,167.84,92,5663308356525996,271
11406,PROD-041,East,2025-10-06,393.98,38,8639442384266685,265
11215,PROD-041,East,2025-10-06,179.89,15,7405327190605021,515
11041,PROD-035,South,2025-10-06,70.7,7,1009938424670450,523
10076,PROD-002,East,2025-10-06,255.21,89,1829622681084526,791
11168,PROD-013,West,2025-10-06,71.9,93,6792008131191500,301
10933,PROD-070,Central,2025-10-06,108.58,16,6133896323501608,697
10104,PROD-015,Central,2025-10-07,477.79,55,1354713074098040,754
10370,PROD-049,West,2025-10-08,351.27,49,8054124490816739,109
11075,PROD-055,North,2025-10-08,429.96,59,6946600781913541,652
10924,PROD-080,North,2025-10-08,375.48,42,2158296965184094,426
12363,PROD-093,West,2025-10-08,239.11,88,6169543770487758,187
12435,PROD-025,East,2025-10-08,339.85,82,4659512003946601,117
10914,PROD-014,South,2025-10-08,222.23,15,5598241256443933,798
13532,PROD-028,South,2025-10-09,249.25,80,4777193210264899,109
14920,PROD-048,West,2025-10-09,290.56,100,8950984989840228,933
10377,PROD-077,West,2025-10-09,313.62,25,7203387383963480,963
12116,PROD-012,South,2025-10-09,491.29,61,5644912504454089,394
12396,PROD-061,East,2025-10-10,87.26,36,6491531835234974,239
10031,PROD-000,Central,2025-10-10,133.93,99,2169067405857753,874
12144,PROD-070,West,2025-10-10,59.86,19,4912623647304655,829
12461,PROD-005,South,2025-10-11,81.99,26,1555996758664827,114
12533,PROD-026,East,2025-10-11,13.76,58,5799062591270559,146
13013,PROD-021,North,2025-10-11,288.92,22,7359467175112127,895
11256,PROD-005,East,2025-10-11,260.78,96,1934392784005287,769
12800,PROD-039,East,2025-10-11,15.32,40,3095031930408129,173
14887,PROD-052,South,2025-10-11,84.54,56,1995918991225090,713
10513,PROD-012,East,2025-10-12,203.2,83,3839097651597800,522
14167,PROD-022,West,2025-10-13,86.91,42,8721967924779473,928
13615,PROD-062,South,2025-10-13,404.8,27,5519503426359860,190
11227,PROD-040,North,2025-10-13,239.22,21,1813818519620062,716
12625,PROD-014,South,2025-10-13,125.96,11,1806191689719853,805
14806,PROD-067,South,2025-10-13,275.98,64,4304507557233797,580
13831,PROD-018,South,2025-10-13,363.21,11,2357159845544738,834
14613,PROD-084,East,2025-10-14,131.99,13,7337154014512207,974
12678,PROD-034,West,2025-10-14,102.87,47,6657569676517255,402
11326,PROD-057,Central,2025-10-14,311.03,69,1040600573938037,709
10479,PROD-006,Central,2025-10-14,137.44,87,5646969198504815,309
14155,PROD-057,East,2025-10-15,70.51,81,7734294066632451,441
11951,PROD-090,Central,2025-10-15,122.38,45,5193336159985488,453
10114,PROD-005,East,2025-10-15,46.35,62,6952660959858024,666
10268,PROD-021,South,2025-10-15,346.09,81,7803192952902332,611
13630,PROD-039,North,2025-10-15,114.08,81,5912441658647571,674
14064,PROD-022,North,2025-10-15,84.2,87,1558252455959524,389
10852,PROD-006,South,2025-10-16,219.85,58,6816140823399461,729
13713,PROD-086,West,2025-10-16,268.16,62,7787175692820609,940
12288,PROD-030,East,2025-10-16,19.97,21,6797892479526767,253
12846,PROD-070,East,2025-10-16,106.18,72,3545497775999173,249
10183,PROD-095,Central,2025-10-17,213.81,72,5286994934220728,236
12710,PROD-088,Central,2025-10-17,68.15,24,7320467620266843,128
14955,PROD-003,Central,2025-10-17,91.89,17,5450976239863626,644
11926,PROD-047,East,2025-10-18,464.67,56,2712423353906672,390
11898,PROD-009,North,2025-10-18,204.29,22,3016770380156829,843
10800,PROD-025,North,2025-10-18,74.79,44,5016730898456402,134
14916,PROD-030,West,2025-10-18,447.56,87,3134757449750500,562
14349,PROD-077,Central,2025-10-19,81.51,99,4793260722733448,558
14473,PROD-071,North,2025-10-19,409.67,50,8433751961695938,759
11998,PROD-023,Central,2025-10-19,173.72,91,2117609312530042,865
10285,PROD-035,North,2025-10-19,225.93,89,2701172431065615,909
14870,PROD-078,Central,2025-10-20,272.74,69,2416080372990424,262
14228,PROD-049,Central,2025-10-20,20.73,32,5752733172999466,229
10508,PROD-041,East,2025-10-20,29.81,23,8314543394842420,434
10617,PROD-075,West,2025-10-21,228.17,87,4480693569701448,644
12197,PROD-008,Central,2025-10-21,162.84,61,7826688669031570,787
14865,PROD-089,West,2025-10-22,112.17,21,3730376665140876,100
10500,PROD-046,West,2025-10-22,226.25,80,2047782288076528,765
14785,PROD-069,Central,2025-10-22,147.63,78,3214978371222139,882
11728,PROD-077,North,2025-10-22,481.84,44,6433633930675396,167
14485,PROD-073,West,2025-10-22,158.96,16,8976542107820357,731
11814,PROD-091,East,2025-10-22,424.87,7,3897781510186361,525
11452,PROD-099,North,2025-10-22,280.44,36,3368087609640838,586
13334,PROD-013,East,2025-10-23,468.07,45,2148261631627123,550
12922,PROD-048,West,2025-10-23,243.19,82,2587183411313468,861
14459,PROD-065,East,2025-10-23,263.63,58,1225668518842540,358
10538,PROD-051,West,2025-10-23,35.22,97,7728543420702153,263
14481,PROD-012,South,2025-10-23,129.19,1,5937436885878478,741
13985,PROD-013,South,2025-10-23,292.0,82,5782827198122247,691
13398,PROD-015,East,2025-10-23,255.18,31,1847084582038632,243
10795,PROD-073,Central,2025-10-23,307.01,17,8806652036240614,842
13012,PROD-090,East,2025-10-23,113.71,49,8184347681269252,781
10968,PROD-020,North,2025-10-23,89.25,83,2439920440604505,394
12105,PROD-000,Central,2025-10-23,107.71,90,6444622858015124,314
12132,PROD-013,Central,2025-10-23,19.34,43,3944844558043712,585
11625,PROD-004,South,2025-10-24,204.47,32,8350718409058621,116
11833,PROD-069,West,2025-10-24,63.56,76,2178038528777119,938
13209,PROD-041,Central,2025-10-24,178.93,46,5712747965839790,310
13590,PROD-098,East,2025-10-24,391.57,88,7229511613727485,875
13908,PROD-045,Central,2025-10-24,287.56,90,3570586963041917,288
11715,PROD-067,East,2025-10-24,499.35,41,2078432066925332,742
13291,PROD-070,Central,2025-10-24,251.19,37,7861141247109720,129
12504,PROD-087,East,2025-10-25,310.89,22,1463826329903058,612
13234,PROD-073,North,2025-10-25,84.36,96,7378442168622991,386
14859,PROD-023,South,2025-10-25,487.79,75,4158257467307378,701
13086,PROD-023,West,2025-10-25,466.44,30,4793567454619016,874
13597,PROD-060,North,2025-10-25,372.0,86,1974919027809381,159
12234,PROD-041,East,2025-10-25,262.76,16,8750758011194793,967
11566,PROD-034,North,2025-10-25,161.52,25,7958518725710853,565
11088,PROD-053,East,2025-10-26,204.7,66,8212961124295179,328
12624,PROD-042,East,2025-10-26,317.93,98,8596835852794752,421
13014,PROD-064,East,2025-10-26,284.74,68,8155894781830771,860
13460,PROD-080,South,2025-10-27,102.36,12,8342900226047779,964
10572,PROD-093,North,2025-10-27,492.99,18,7885093951337494,641
13618,PROD-000,Central,2025-10-27,437.91,41,7176280316113079,663
13884,PROD-068,South,2025-10-27,50.58,76,1370080566949305,648
10015,PROD-074,Central,2025-10-27,10.05,9,2924008577540435,938
11234,PROD-098,Central,2025-10-27,260.57,27,4258761473148874,545
14796,PROD-052,North,2025-10-27,497.65,84,5737094607634443,667
13021,PROD-062,East,2025-10-27,289.15,31,1326505801241757,846
10131,PROD-027,North,2025-10-28,231.89,80,3857382514066827,793
11361,PROD-087,North,2025-10-28,83.2,20,1970529248000682,155
12613,PROD-002,South,2025-10-28,153.41,50,6032857007043143,912
11355,PROD-086,Central,2025-10-28,328.04,79,5081670523148789,418
14970,PROD-026,West,2025-10-29,286.56,43,5625025042223585,576
12971,PROD-076,North,2025-10-29,498.17,75,5174815907450726,841
13946,PROD-012,West,2025-10-29,14.57,18,3799666959287727,154
10302,PROD-013,Central,2025-10-29,391.27,20,6652569918283178,319
11499,PROD-012,West,2025-10-29,436.78,15,1433135499079556,295
12069,PROD-081,South,2025-10-30,460.98,3,7005064921388064,926
14654,PROD-079,East,2025-10-30,18.46,43,6041519834710252,342
11706,PROD-057,Central,2025-10-31,421.44,50,4709154472628413,549
11169,PROD-060,Central,2025-10-31,279.86,36,8772679526437436,246
12373,PROD-092,North,2025-10-31,152.75,13,2689596531650627,926
10625,PROD-062,East,2025-10-31,378.69,38,6675901789517118,966
12307,PROD-026,East,2025-10-31,119.98,40,5375825783186820,874
13499,PROD-078,East,2025-11-01,372.11,53,5174232982878697,275
14934,PROD-026,Central,2025-11-01,105.94,11,2922567131677132,915
12826,PROD-041,West,2025-11-01,61.98,66,2263397371559819,386
13763,PROD-081,West,2025-11-01,370.54,11,4002191079583466,861
12199,PROD-027,South,2025-11-01,330.84,8,5583830445987564,177
13889,PROD-064,South,2025-11-01,48.76,42,7092559183000346,738
13909,PROD-027,East,2025-11-01,12.58,63,5233344065613968,787
12649,PROD-032,West,2025-11-01,440.6,27,2848073572503141,754
13199,PROD-003,Central,2025-11-01,488.53,32,8961371773027346,171
13290,PROD-044,South,2025-11-02,447.32,79,2728348008365558,353
10197,PROD-005,East,2025-11-02,179.1,71,2224209562770489,265
13201,PROD-001,South,2025-11-02,422.76,40,8781772662118350,373
11558,PROD-051,Central,2025-11-02,292.56,94,4679231325142393,515
14259,PROD-023,East,2025-11-02,470.09,76,8289970242073331,125
12775,PROD-055,North,2025-11-02,347.59,82,2575873960672297,300
12769,PROD-047,South,2025-11-02,292.85,78,6741077336704505,358
11438,PROD-008,East,2025-11-03,480.16,43,3051888196317167,955
10396,PROD-003,Central,2025-11-03,398.27,86,3704958548776777,354
12323,PROD-025,North,2025-11-03,379.97,45,1117585251177620,971
11976,PROD-042,Central,2025-11-03,294.37,46,2646310871564181,401
11437,PROD-075,Central,2025-11-03,360.9,79,8693474442365994,278
13658,PROD-046,West,2025-11-04,57.53,35,6564622923511029,758
14319,PROD-055,North,2025-11-04,140.05,94,5156478562392736,797
10735,PROD-048,Central,2025-11-04,51.3,43,8768571408648325,700
12631,PROD-078,Central,2025-11-04,149.03,72,6263128629388543,578
13038,PROD-062,Central,2025-11-04,379.89,4,8252162742860021,828
10904,PROD-054,Central,2025-11-05,123.79,77,7607814132423512,309
10811,PROD-068,East,2025-11-05,429.04,100,2616348446110192,597
10547,PROD-047,West,2025-11-05,399.43,17,8206724963548437,113
13737,PROD-095,West,2025-11-06,185.57,12,4203203289582718,459
10921,PROD-024,East,2025-11-06,442.32,89,5633101102989684,689
13646,PROD-014,West,2025-11-06,193.85,4,1035590233847117,238
14405,PROD-016,Central,2025-11-07,363.77,30,7876043495138019,935
12836,PROD-026,Central,2025-11-07,469.08,66,8285014858548885,137
10378,PROD-074,East,2025-11-07,342.71,9,5906094184673529,847
13432,PROD-058,West,2025-11-07,441.51,30,3419323988689089,596
12901,PROD-002,West,2025-11-07,246.84,90,4840862420620543,321
11707,PROD-032,South,2025-11-07,165.56,5,8111517807598029,816
13381,PROD-054,South,2025-11-07,202.13,95,6123261340029617,810
11486,PROD-071,North,2025-11-07,112.91,9,5873397723928426,231
12372,PROD-097,West,2025-11-07,477.79,92,6084348861726660,543
13647,PROD-017,South,2025-11-07,68.92,1,7325867756230402,843
10245,PROD-072,North,2025-11-07,33.55,4,6214112741226654,596
10239,PROD-065,East,2025-11-08,166.25,3,6228047835659263,660
13575,PROD-025,West,2025-11-08,496.32,89,4185429915602893,569
13859,PROD-023,North,2025-11-08,57.96,47,1251239037174018,478
14830,PROD-096,Central,2025-11-09,141.16,98,5739025244966704,853
13293,PROD-048,West,2025-11-09,194.93,81,1755820464637132,395
10506,PROD-064,Central,2025-11-09,376.14,85,8906705023947138,682
14442,PROD-019,South,2025-11-09,91.37,9,6972194834901882,728
12740,PROD-043,Central,2025-11-10,495.96,82,1967944644491363,585
13089,PROD-011,North,2025-11-10,101.36,89,6621837215576392,955
14257,PROD-049,North,2025-11-10,316.53,80,6095102061393297,726
14901,PROD-053,South,2025-11-11,312.7,52,4552304824315567,217
12610,PROD-052,West,2025-11-11,73.79,91,6708895975820124,615
11685,PROD-064,North,2025-11-11,428.02,1,8982195703512467,447
11794,PROD-003,East,2025-11-11,348.42,45,5171725247211487,253
10403,PROD-084,East,2025-11-11,324.62,49,5056076676768954,819
13676,PROD-038,East,2025-11-11,342.74,6,8835662473838980,967
14809,PROD-034,North,2025-11-11,421.7,99,4855282255941543,949
12202,PROD-037,West,2025-11-11,479.11,22,7814360416745461,450
11510,PROD-082,East,2025-11-11,77.91,75,3797617029018398,337
10868,PROD-057,North,2025-11-12,347.32,8,7087534116665821,148
10523,PROD-082,West,2025-11-12,116.86,23,8474905999931145,723
13983,PROD-094,North,2025-11-12,281.14,35,8892212338199489,573
13097,PROD-034,West,2025-11-12,28.15,66,2038906739096821,995
12179,PROD-064,West,2025-11-12,199.08,6,2006255706555218,857
13603,PROD-014,South,2025-11-12,271.93,98,5548222770138811,853
10685,PROD-058,East,2025-11-12,345.07,22,5299653655913938,261
14312,PROD-017,South,2025-11-12,56.72,86,4542133428470180,412
10466,PROD-092,East,2025-11-13,63.38,94,1761137544773402,203
13108,PROD-066,Central,2025-11-13,92.27,67,2614361643719311,119
14278,PROD-034,East,2025-11-13,309.16,76,7392018699548413,619
14038,PROD-016,Central,2025-11-13,246.92,81,8802521127104378,445
14000,PROD-020,West,2025-11-13,193.59,35,7622390004017938,549
10040,PROD-014,South,2025-11-13,396.99,22,5228080618407961,747
13778,PROD-016,South,2025-11-13,283.09,14,7572875427969070,416
11285,PROD-061,East,2025-11-14,293.84,15,1810256273480631,435
14750,PROD-032,North,2025-11-14,414.48,83,4200356550643860,635
10632,PROD-067,North,2025-11-14,228.43,73,6251305754362249,846
11644,PROD-067,East,2025-11-15,10.14,10,8295776368051181,617
13309,PROD-008,Central,2025-11-15,17.88,35,4037662984844394,363
12875,PROD-038,West,2025-11-15,420.91,92,2806515536781549,257
11869,PROD-043,South,2025-11-15,131.55,39,2692216211353804,444
11359,PROD-016,East,2025-11-15,431.4,69,2480843484544330,659
13107,PROD-079,West,2025-11-16,368.92,33,7716396440984553,228
13943,PROD-029,Central,2025-11-16,408.33,74,6587430330608907,274
10696,PROD-074,South,2025-11-17,441.86,61,4210176269689229,520
13147,PROD-051,West,2025-11-17,230.95,71,2538500606647484,533
12690,PROD-047,North,2025-11-18,78.79,93,5003988935593377,368
12184,PROD-002,North,2025-11-18,499.69,19,6433541388367339,931
12012,PROD-096,Central,2025-11-18,398.39,60,4683341999647914,512
13099,PROD-026,East,2025-11-19,348.2,90,7636722927908515,299
14757,PROD-070,North,2025-11-19,486.73,39,6392400437812673,232
12858,PROD-021,North,2025-11-20,62.74,16,1324587631185173,566
14215,PROD-005,East,2025-11-20,455.6,61,7074692474385899,280
10692,PROD-041,Central,2025-11-20,158.12,79,6019158383055627,718
10264,PROD-050,North,2025-11-20,32.32,10,7083328626891887,271
11670,PROD-062,Central,2025-11-20,54.31,15,7669612769586853,259
12500,PROD-022,West,2025-11-21,331.35,79,7033544220138619,943
11955,PROD-099,West,2025-11-21,397.46,98,1359579879570815,315
11695,PROD-002,South,2025-11-21,474.49,22,7522915665233151,747
12341,PROD-020,Central,2025-11-21,484.76,80,6951215287744654,638
13416,PROD-023,South,2025-11-21,389.94,66,1194840133227008,176
12110,PROD-034,West,2025-11-21,309.1,44,7005639477434827,981
10296,PROD-015,Central,2025-11-22,436.78,43,6894819924197571,819
10949,PROD-039,West,2025-11-22,283.78,46,3474724490834438,785
13318,PROD-037,North,2025-11-22,302.47,44,6496748290195188,920
13613,PROD-038,East,2025-11-22,58.18,9,4894556313192828,536
14138,PROD-014,East,2025-11-22,228.56,95,4628809535713461,420
11393,PROD-016,South,2025-11-23,288.19,6,7049805457235639,167
14784,PROD-057,West,2025-11-23,305.09,71,8550745846284379,764
10531,PROD-068,North,2025-11-23,27.13,76,4195976187807428,286
11789,PROD-084,North,2025-11-23,364.02,81,7290133855497173,241
11743,PROD-069,North,2025-11-23,109.56,36,5472605822071069,369
10977,PROD-007,Central,2025-11-23,113.5,99,7786360157043904,929
11703,PROD-034,West,2025-11-23,463.89,71,7678049330378761,617
10728,PROD-051,West,2025-11-24,437.53,14,5594129766619373,780
14625,PROD-015,North,2025-11-24,98.72,12,8157603102938106,488
14005,PROD-086,South,2025-11-24,373.71,31,6028375529634954,973
13932,PROD-067,Central,2025-11-24,250.7,87,6323625449311912,705
12748,PROD-009,North,2025-11-25,275.46,40,3745876030464919,402
14627,PROD-025,North,2025-11-25,172.52,52,6259252893712646,471
10371,PROD-042,West,2025-11-25,374.19,12,7783303286347802,596
12018,PROD-077,Central,2025-11-25,363.82,68,2072239134208895,336
14152,PROD-091,North,2025-11-26,195.42,9,3343963955027617,308
10718,PROD-013,East,2025-11-26,19.98,50,5432027589404772,722
11305,PROD-014,North,2025-11-26,381.86,33,3279809239509199,396
12447,PROD-078,West,2025-11-26,244.63,1,6330577533891826,990
10404,PROD-075,East,2025-11-26,361.18,53,4832158436665458,926
10050,PROD-053,Central,2025-11-26,106.9,54,5058843105968473,799
10191,PROD-055,South,2025-11-27,357.78,69,4567935049289245,261
13534,PROD-017,South,2025-11-27,137.16,94,8601371835723396,826
12114,PROD-012,North,2025-11-28,410.76,21,7589664296518588,199
13526,PROD-021,East,2025-11-28,162.9,15,4161535173351807,922
12227,PROD-062,East,2025-11-28,110.59,100,4671013637534863,103
13365,PROD-004,West,2025-11-28,216.34,84,1052720262133606,255
10566,PROD-043,Central,2025-11-29,145.38,94,1445179931097888,836
14713,PROD-067,Central,2025-11-29,317.75,81,4318088366307852,492
12675,PROD-017,South,2025-11-29,163.93,10,7187801932042668,124
13238,PROD-017,East,2025-11-29,321.67,44,4117254756995535,769
10907,PROD-069,East,2025-11-29,118.4,36,5115800701084518,430
13186,PROD-009,East,2025-11-30,406.77,38,5519105646090298,579
12148,PROD-081,East,2025-11-30,85.59,47,7858570990042608,899
12938,PROD-075,West,2025-12-01,222.59,8,8584998346859850,759
12143,PROD-054,Central,2025-12-01,432.64,52,4992557852373485,218
13979,PROD-026,South,2025-12-01,297.69,11,8775678446499597,418
13749,PROD-000,West,2025-12-01,314.41,42,6907998659278650,228
11508,PROD-027,Central,2025-12-01,410.36,38,4306476050271338,530
10747,PROD-024,East,2025-12-01,498.91,46,7051156792228337,325
14735,PROD-072,Central,2025-12-01,197.45,57,2305572059637519,983
13401,PROD-053,East,2025-12-02,389.36,40,7478287684513152,540
13172,PROD-058,Central,2025-12-02,359.53,92,2343123205653516,722
13240,PROD-074,West,2025-12-02,461.49,32,5084801611333274,148
11004,PROD-007,Central,2025-12-02,28.96,91,3517703587184732,826
14235,PROD-040,Central,2025-12-03,306.91,94,3390437118384270,257
11025,PROD-088,South,2025-12-03,81.83,78,6937905170130653,897
10624,PROD-075,East,2025-12-04,286.13,35,1670686037122356,739
10473,PROD-079,Central,2025-12-04,484.7,80,1678797363159090,313
14175,PROD-054,North,2025-12-04,148.73,70,5227178453218538,454
10416,PROD-034,North,2025-12-05,430.93,52,4078691423679437,407
11702,PROD-095,South,2025-12-05,217.84,72,4211870966552610,297
12430,PROD-031,East,2025-12-06,117.31,74,3427862969989985,663
13473,PROD-065,South,2025-12-06,332.34,16,1766830412789640,725
11433,PROD-061,West,2025-12-07,313.89,54,7421047264812100,285
14954,PROD-028,Central,2025-12-07,314.0,45,2352568430822122,656
13376,PROD-028,East,2025-12-07,54.03,80,7578355076093733,552
13741,PROD-004,South,2025-12-07,100.85,93,4756930344123108,530
12429,PROD-094,South,2025-12-07,53.21,56,5220738201651807,682
13522,PROD-012,South,2025-12-07,96.92,23,7511369167893295,456
12375,PROD-030,Central,2025-12-07,407.67,73,1293900977510880,372
11931,PROD-009,East,2025-12-07,374.84,79,5630321290466675,783
13490,PROD-054,South,2025-12-08,169.58,4,7502280484398935,837
14889,PROD-079,West,2025-12-08,113.89,34,6533194254860064,218
12022,PROD-015,North,2025-12-08,126.81,72,5941017181945609,412
10697,PROD-020,Central,2025-12-08,337.46,41,4053182168097483,328
10605,PROD-084,East,2025-12-08,22.36,20,1132762462402955,476
14918,PROD-094,North,2025-12-08,409.59,12,7033345871407111,591
10886,PROD-016,North,2025-12-09,455.0,16,8036521952383164,157
10145,PROD-055,West,2025-12-09,208.96,26,4637305498790258,275
13383,PROD-003,North,2025-12-09,497.72,69,4393276209128975,648
11028,PROD-083,Central,2025-12-09,196.09,62,3885298089347399,200
13363,PROD-035,Central,2025-12-09,196.11,16,6062287373530081,196
14436,PROD-061,North,2025-12-10,499.64,73,3465492236987669,667
13426,PROD-017,West,2025-12-10,58.93,18,2582048809712118,130
10793,PROD-089,West,2025-12-11,473.05,16,5341302252525501,746
13436,PROD-090,Central,2025-12-11,71.26,98,3387439817128757,573
10653,PROD-003,East,2025-12-11,380.94,98,1315682453974602,959
11914,PROD-094,South,2025-12-11,260.49,96,3525989846952326,676
13812,PROD-083,Central,2025-12-11,456.99,40,6619950802160436,343
10598,PROD-025,West,2025-12-11,98.61,32,3941971620563534,140
10674,PROD-075,West,2025-12-11,31.15,75,4976035833692053,156
11775,PROD-000,East,2025-12-11,447.06,68,8144431264989216,708
11792,PROD-051,South,2025-12-11,282.99,45,1256196619030496,791
12271,PROD-041,South,2025-12-12,300.34,2,3276385369620724,425
14794,PROD-028,Central,2025-12-12,284.47,88,5864248916396331,790
12642,PROD-044,East,2025-12-12,56.38,2,1750012094540104,492
11042,PROD-057,West,2025-12-12,434.98,26,6699610966774542,946
14136,PROD-096,North,2025-12-12,296.29,59,4071844704640138,675
13953,PROD-000,South,2025-12-12,121.5,4,2403241062314716,386
11774,PROD-068,North,2025-12-12,82.72,33,3384606839991795,343
12005,PROD-086,North,2025-12-13,437.16,82,2263699607723624,537
11126,PROD-067,West,2025-12-13,419.78,98,2644743226615474,423
10979,PROD-064,Central,2025-12-13,351.9,16,8550123801775964,853
12107,PROD-006,East,2025-12-13,209.67,85,1591126959531417,828
12863,PROD-011,South,2025-12-14,203.15,33,2717210546995382,326
11400,PROD-085,East,2025-12-14,452.2,48,6182824755224793,904
11612,PROD-082,North,2025-12-14,152.29,19,2777069802294708,594
13052,PROD-038,West,2025-12-14,181.89,78,1411258496365981,744
13832,PROD-072,Central,2025-12-14,23.9,16,8757223486384449,786
14933,PROD-076,South,2025-12-14,53.05,75,4996374063613069,964
10178,PROD-023,South,2025-12-14,387.44,93,7262448547326190,464
11650,PROD-023,Central,2025-12-15,188.31,49,8536672185495425,363
10699,PROD-038,West,2025-12-15,440.02,15,4989620773004129,340
12346,PROD-009,Central,2025-12-15,104.95,12,6887311423164747,704
14541,PROD-063,Central,2025-12-15,70.39,25,4603474350839795,322
13263,PROD-003,South,2025-12-15,20.56,30,3625081280837676,413
10651,PROD-082,East,2025-12-16,428.14,31,4305156045445111,911
14121,PROD-028,West,2025-12-16,12.87,30,3086914722111132,106
11291,PROD-007,West,2025-12-16,440.96,40,6543189859331834,429
10817,PROD-073,West,2025-12-16,399.58,15,1774872379295917,289
11494,PROD-008,North,2025-12-16,24.95,42,2568526730164670,136
13153,PROD-048,West,2025-12-16,348.66,83,3171511403974103,284
13025,PROD-060,North,2025-12-16,309.41,43,7416369792954151,830
13952,PROD-003,West,2025-12-17,416.48,79,6091525756034993,903
14619,PROD-011,West,2025-12-17,336.0,67,5309702885108388,832
11749,PROD-053,East,2025-12-17,363.62,97,1525275339250080,400
10199,PROD-063,Central,2025-12-17,161.1,58,6770884227373920,577
12725,PROD-066,West,2025-12-17,134.33,32,1749984530380056,650
11666,PROD-007,West,2025-12-17,114.13,37,2171834668548684,183
12255,PROD-013,Central,2025-12-17,248.91,60,5194809939011888,432
11606,PROD-061,West,2025-12-17,373.65,60,2794095267038417,932
14487,PROD-044,South,2025-12-17,376.62,61,6428103947592455,895
14427,PROD-005,East,2025-12-17,192.94,73,3235539533357551,991
12944,PROD-083,South,2025-12-17,300.89,88,2648050433290524,443
12185,PROD-041,South,2025-12-17,230.48,23,4572317400038254,636
11210,PROD-080,East,2025-12-17,393.85,17,7185016027757006,206
13570,PROD-010,East,2025-12-18,139.69,14,5292882524317187,163
11470,PROD-021,South,2025-12-18,133.59,71,1615892424614538,893
10925,PROD-032,North,2025-12-18,67.17,55,6448478012792950,426
11182,PROD-000,North,2025-12-18,444.7,48,8606353697961239,759
14739,PROD-030,West,2025-12-18,468.69,59,1761356939076121,499
11630,PROD-022,South,2025-12-18,65.95,56,5491588065326680,155
14270,PROD-072,East,2025-12-18,359.2,48,5956982742823086,862
11091,PROD-064,East,2025-12-18,390.0,66,7220043811572930,579
13167,PROD-034,Central,2025-12-19,195.07,23,2819417013948582,609
14141,PROD-056,South,2025-12-19,265.3,1,5975777416270692,584
14524,PROD-063,South,2025-12-19,158.71,97,5453054756753357,166
14554,PROD-065,Central,2025-12-19,324.17,14,1802265875064487,767
12151,PROD-049,North,2025-12-19,238.79,61,7726574009913879,687
10096,PROD-062,Central,2025-12-19,193.17,100,6565969844671729,249
12360,PROD-034,Central,2025-12-20,367.7,62,6314253398944478,462
14054,PROD-093,Central,2025-12-20,308.67,56,8439498848496277,624
14568,PROD-074,Central,2025-12-20,370.86,46,2679983368486378,668
14869,PROD-042,West,2025-12-21,167.59,40,2671412930699471,885
12394,PROD-086,South,2025-12-21,235.26,38,6756048625150279,568
11893,PROD-054,West,2025-12-21,13.35,77,7928506858403080,899
11430,PROD-028,South,2025-12-21,406.08,94,8601706775830489,880
10192,PROD-016,South,2025-12-21,273.97,75,2341582431826138,488
12699,PROD-070,West,2025-12-21,210.08,52,2486006688073781,693
12904,PROD-014,West,2025-12-22,151.87,67,1214241411434463,608
10280,PROD-046,South,2025-12-22,188.33,11,5097057872605859,240
10449,PROD-095,North,2025-12-22,157.76,18,6439308526955316,630
11272,PROD-046,North,2025-12-22,465.67,67,2822315240609046,260
14381,PROD-025,South,2025-12-23,234.78,96,5769152264167627,737
14340,PROD-079,West,2025-12-23,212.59,74,8212607176802702,788
14824,PROD-045,West,2025-12-23,252.77,85,8830006090873693,978
12551,PROD-045,Central,2025-12-23,130.2,28,4774117520603797,278
10113,PROD-005,South,2025-12-23,424.88,93,7680934493960870,518
12912,PROD-039,West,2025-12-23,410.96,92,1527124369579092,770
12566,PROD-098,South,2025-12-23,407.13,29,8606127277975936,900
12568,PROD-046,North,2025-12-24,394.37,33,3155219255855161,325
11736,PROD-096,East,2025-12-24,163.07,85,8514105927160619,490
14893,PROD-091,West,2025-12-24,55.69,68,3701501109967396,985
11803,PROD-008,East,2025-12-24,363.37,62,8763455799968030,634
10928,PROD-008,East,2025-12-24,300.47,79,1546611029393010,829
12843,PROD-021,North,2025-12-25,216.76,48,5007723035325003,360
10982,PROD-077,East,2025-12-25,318.56,59,5810437369703370,536
13306,PROD-083,West,2025-12-25,181.9,94,2527633679958970,911
14747,PROD-073,East,2025-12-26,416.78,24,8911393051132372,480
13326,PROD-060,North,2025-12-26,377.21,90,6536391757502059,801
13413,PROD-013,East,2025-12-26,431.44,24,3582604563855717,605
10153,PROD-068,East,2025-12-26,342.63,9,4670504668166125,991
12792,PROD-016,North,2025-12-26,477.05,67,4187753773638447,415
11632,PROD-032,South,2025-12-26,346.12,78,1082624527854020,601
12344,PROD-038,Central,2025-12-26,15.61,31,7963956253554031,388
13938,PROD-021,West,2025-12-26,124.46,29,8527584507027825,681
11629,PROD-066,West,2025-12-27,308.83,11,6769595613157293,712
13762,PROD-088,South,2025-12-27,408.32,39,1705908153596935,752
11439,PROD-030,North,2025-12-27,309.52,95,5209973518692021,656
12369,PROD-095,East,2025-12-28,88.81,15,1169605074775968,896
12724,PROD-041,West,2025-12-28,466.76,86,7379485511154318,892
11633,PROD-046,Central,2025-12-28,414.55,30,2534880948466775,576
14677,PROD-017,South,2025-12-29,105.95,88,1391623706380920,385
12667,PROD-081,South,2025-12-29,479.79,96,3677345539845540,967
14841,PROD-034,Central,2025-12-29,444.27,2,6442819838959548,351
10780,PROD-021,South,2025-12-30,151.14,96,2666067556808261,646
11521,PROD-060,East,2025-12-30,290.23,7,3918962750189789,787
14811,PROD-080,East,2025-12-30,467.82,62,3615088127038146,247
13211,PROD-094,North,2025-12-30,32.75,74,1823635237251983,767
12516,PROD-072,West,2025-12-31,157.33,72,6010710790397958,106
13664,PROD-053,South,2025-12-31,295.03,20,6060395262202000,277
